/*--------------------------------*- C++ -*----------------------------------*\
  =========                 |
  \\      /  F ield         | OpenFOAM: The Open Source CFD Toolbox
   \\    /   O peration     | Website:  https://openfoam.org
    \\  /    A nd           | Version:  6
     \\/     M anipulation  |
\*---------------------------------------------------------------------------*/
FoamFile
{
    version     2.0;
    format      ascii;
    class       labelList;
    note        "nPoints:7592  nCells:3625  nFaces:14670  nInternalFaces:7080";
    location    "constant/polyMesh";
    object      owner;
}
// * * * * * * * * * * * * * * * * * * * * * * * * * * * * * * * * * * * * * //


14670
(
0
0
1
1
2
2
3
3
4
4
5
5
6
6
7
7
8
8
9
9
10
10
11
11
12
12
13
13
14
14
15
15
16
16
17
17
18
18
19
19
20
20
21
21
22
22
23
23
24
24
25
25
26
26
27
27
28
28
29
29
30
30
31
31
32
32
33
33
34
34
35
35
36
36
37
37
38
38
39
39
40
40
41
41
42
42
43
43
44
44
45
45
46
46
47
47
48
48
49
49
50
50
51
51
52
52
53
53
54
54
55
55
56
56
57
57
58
58
59
59
60
60
61
61
62
62
63
63
64
64
65
65
66
66
67
67
68
68
69
69
70
70
71
71
72
72
73
73
74
74
75
75
76
76
77
77
78
78
79
79
80
80
81
81
82
82
83
83
84
84
85
85
86
86
87
87
88
88
89
89
90
90
91
91
92
92
93
93
94
94
95
95
96
96
97
97
98
98
99
99
100
100
101
101
102
102
103
103
104
104
105
105
106
106
107
107
108
108
109
109
110
110
111
111
112
112
113
113
114
114
115
115
116
116
117
117
118
118
119
119
120
120
121
121
122
122
123
123
124
124
125
125
126
126
127
127
128
128
129
129
130
130
131
131
132
132
133
133
134
134
135
135
136
136
137
137
138
138
139
139
140
140
141
141
142
142
143
143
144
144
145
145
146
146
147
147
148
148
149
149
150
150
151
151
152
152
153
153
154
154
155
155
156
156
157
157
158
158
159
159
160
160
161
161
162
162
163
163
164
164
165
165
166
166
167
167
168
168
169
169
170
170
171
171
172
172
173
173
174
174
175
175
176
176
177
177
178
178
179
179
180
180
181
181
182
182
183
183
184
184
185
185
186
186
187
187
188
188
189
189
190
190
191
191
192
192
193
193
194
194
195
195
196
196
197
197
198
198
199
199
200
200
201
201
202
202
203
203
204
204
205
205
206
206
207
207
208
208
209
209
210
210
211
211
212
212
213
213
214
214
215
215
216
216
217
217
218
218
219
219
220
220
221
221
222
222
223
223
224
224
225
225
226
226
227
227
228
228
229
229
230
230
231
231
232
232
233
233
234
234
235
235
236
236
237
237
238
238
239
239
240
240
241
241
242
242
243
243
244
244
245
245
246
246
247
247
248
248
249
249
250
250
251
251
252
252
253
253
254
254
255
255
256
256
257
257
258
258
259
259
260
260
261
261
262
262
263
263
264
264
265
265
266
266
267
267
268
268
269
269
270
270
271
271
272
272
273
273
274
274
275
275
276
276
277
277
278
278
279
279
280
280
281
281
282
282
283
283
284
284
285
285
286
286
287
287
288
288
289
289
290
290
291
291
292
292
293
293
294
294
295
295
296
296
297
297
298
298
299
299
300
300
301
301
302
302
303
303
304
304
305
305
306
306
307
307
308
308
309
309
310
310
311
311
312
312
313
313
314
314
315
315
316
316
317
317
318
318
319
319
320
320
321
321
322
322
323
323
324
325
325
326
326
327
327
328
328
329
329
330
330
331
331
332
332
333
333
334
334
335
335
336
336
337
337
338
338
339
339
340
340
341
341
342
342
343
343
344
344
345
345
346
346
347
347
348
348
349
350
350
351
351
352
352
353
353
354
354
355
355
356
356
357
357
358
358
359
359
360
360
361
361
362
362
363
363
364
364
365
365
366
366
367
367
368
368
369
369
370
370
371
371
372
372
373
373
374
375
375
376
376
377
377
378
378
379
379
380
380
381
381
382
382
383
383
384
384
385
385
386
386
387
387
388
388
389
389
390
390
391
391
392
392
393
393
394
394
395
395
396
396
397
397
398
398
399
400
400
401
401
402
402
403
403
404
404
405
405
406
406
407
407
408
408
409
409
410
410
411
411
412
412
413
413
414
414
415
415
416
416
417
417
418
418
419
419
420
420
421
421
422
422
423
423
424
425
425
426
426
427
427
428
428
429
429
430
430
431
431
432
432
433
433
434
434
435
435
436
436
437
437
438
438
439
439
440
440
441
441
442
442
443
443
444
444
445
445
446
446
447
447
448
448
449
450
450
451
451
451
452
452
453
453
454
454
455
455
456
456
457
457
458
458
459
459
460
460
461
461
462
462
463
463
464
464
465
465
466
466
467
467
468
468
469
469
470
470
471
471
472
472
473
473
474
475
475
476
476
477
477
478
478
478
479
479
480
480
481
481
482
482
483
483
484
484
485
485
486
486
487
487
488
488
489
489
490
490
491
491
492
492
493
493
494
494
495
495
496
496
497
497
498
498
499
499
500
501
501
502
502
503
503
504
504
505
505
506
506
506
507
507
508
508
509
509
510
510
511
511
512
512
513
513
514
514
515
515
516
516
517
517
518
518
519
519
520
520
521
521
522
522
523
523
524
524
525
525
526
526
527
528
528
529
529
530
530
531
531
532
532
533
533
534
534
535
535
535
536
536
537
537
538
538
539
539
540
540
541
541
542
542
543
543
544
544
545
545
546
546
547
547
548
548
549
549
550
550
551
551
552
552
553
553
554
554
555
556
556
557
557
558
558
559
559
560
560
561
561
562
562
563
563
564
564
565
565
565
566
566
567
567
568
568
569
569
570
570
571
571
572
572
573
573
574
574
575
575
576
576
577
577
578
578
579
579
580
580
581
581
582
582
583
583
584
585
585
586
586
587
587
588
588
589
589
590
590
591
591
592
592
593
593
594
594
595
595
596
596
596
597
597
598
598
599
599
600
600
601
601
602
602
603
603
604
604
605
605
606
606
607
607
608
608
609
609
610
610
611
611
612
612
613
613
614
615
615
616
616
617
617
618
618
619
619
620
620
621
621
622
622
623
623
624
624
625
625
626
626
627
627
628
628
628
629
629
630
630
631
631
632
632
633
633
634
634
635
635
636
636
637
637
638
638
639
639
640
640
641
641
642
642
643
643
644
644
645
646
646
647
647
648
648
649
649
650
650
651
651
652
652
653
653
654
654
655
655
656
656
657
657
658
658
659
659
660
660
661
661
661
662
662
663
663
664
664
665
665
666
666
667
667
668
668
669
669
670
670
671
671
672
672
673
673
674
674
675
675
676
676
677
678
678
679
679
680
680
681
681
682
682
683
683
684
684
685
685
686
686
687
687
688
688
689
689
690
690
691
691
692
692
693
693
694
694
695
695
695
696
696
697
697
698
698
699
699
700
700
701
701
702
702
703
703
704
704
705
705
706
706
707
707
708
708
709
709
710
711
711
712
712
713
713
714
714
715
715
716
716
717
717
718
718
719
719
720
720
721
721
722
722
723
723
724
724
725
725
726
726
727
727
728
728
729
729
730
730
730
731
731
732
732
733
733
734
734
735
735
736
736
737
737
738
738
739
739
740
740
741
741
742
742
743
743
744
745
745
746
746
747
747
748
748
749
749
750
750
751
751
752
752
753
753
754
754
755
755
756
756
757
757
758
758
759
759
760
760
761
761
762
762
763
763
764
764
765
765
766
766
766
767
767
768
768
769
769
770
770
771
771
772
772
773
773
774
774
775
775
776
776
777
777
778
778
779
780
780
781
781
782
782
783
783
784
784
785
785
786
786
787
787
788
788
789
789
790
790
791
791
792
792
793
793
794
794
795
795
796
796
797
797
798
798
799
799
800
800
801
801
802
802
803
803
803
804
804
805
805
806
806
807
807
808
808
809
809
810
810
811
811
812
812
813
813
814
814
815
816
816
817
817
818
818
819
819
820
820
821
821
822
822
823
823
824
824
825
825
826
826
827
827
828
828
829
829
830
830
831
831
832
832
833
833
834
834
835
835
836
836
837
837
838
838
839
839
840
840
841
841
841
842
842
843
843
844
844
845
845
846
846
847
847
848
848
849
849
850
850
851
851
852
853
853
854
854
855
855
856
856
857
857
858
858
859
859
860
860
861
861
862
862
863
863
864
864
865
865
866
866
867
867
868
868
869
869
870
870
871
871
872
872
873
873
874
874
875
875
876
876
877
877
878
878
879
879
880
880
880
881
881
882
882
883
883
884
884
885
885
886
886
887
887
888
888
889
889
890
891
891
892
892
893
893
894
894
895
895
896
896
897
897
898
898
899
899
900
900
901
901
902
902
903
903
904
904
905
905
906
906
907
907
908
908
909
909
910
910
911
911
912
912
913
913
914
914
915
915
916
916
917
917
918
918
919
919
920
920
920
921
921
922
922
923
923
924
924
925
925
926
926
927
927
928
928
929
930
930
931
931
932
932
933
933
934
934
935
935
936
936
937
937
938
938
939
939
940
940
941
941
942
942
943
943
944
944
945
945
946
946
947
947
948
948
949
949
950
950
951
951
952
952
953
953
954
954
955
955
956
956
957
957
958
958
959
959
960
960
961
961
961
962
962
963
963
964
964
965
965
966
966
967
967
968
968
969
970
970
971
971
972
972
973
973
974
974
975
975
976
976
977
977
978
978
979
979
980
980
981
981
982
982
983
983
984
984
985
985
986
986
987
987
988
988
989
989
990
990
991
991
992
992
993
993
994
994
995
995
996
996
997
997
998
998
999
999
1000
1000
1001
1001
1002
1002
1003
1003
1003
1004
1004
1005
1005
1006
1006
1007
1007
1008
1008
1009
1009
1010
1011
1011
1012
1012
1013
1013
1014
1014
1015
1015
1016
1016
1017
1017
1018
1018
1019
1019
1020
1020
1021
1021
1022
1022
1023
1023
1024
1024
1025
1025
1026
1026
1027
1027
1028
1028
1029
1029
1030
1030
1031
1031
1032
1032
1033
1033
1034
1034
1035
1035
1036
1036
1037
1037
1038
1038
1039
1039
1040
1040
1041
1041
1042
1042
1043
1043
1044
1044
1045
1045
1046
1046
1046
1047
1047
1048
1048
1049
1049
1050
1050
1051
1051
1052
1053
1053
1054
1054
1055
1055
1056
1056
1057
1057
1058
1058
1059
1059
1060
1060
1061
1061
1062
1062
1063
1063
1064
1064
1065
1065
1066
1066
1067
1067
1068
1068
1069
1069
1070
1070
1071
1071
1072
1072
1073
1073
1074
1074
1075
1075
1076
1076
1077
1077
1078
1078
1079
1079
1080
1080
1081
1081
1082
1082
1083
1083
1084
1084
1085
1085
1086
1086
1087
1087
1088
1088
1089
1089
1090
1090
1090
1091
1091
1092
1092
1093
1093
1094
1094
1095
1096
1096
1097
1097
1098
1098
1099
1099
1100
1100
1101
1101
1102
1102
1103
1103
1104
1104
1105
1105
1106
1106
1107
1107
1108
1108
1109
1109
1110
1110
1111
1111
1112
1112
1113
1113
1114
1114
1115
1115
1116
1116
1117
1117
1118
1118
1119
1119
1120
1120
1121
1121
1122
1122
1123
1123
1124
1124
1125
1125
1126
1126
1127
1127
1128
1128
1129
1129
1130
1130
1131
1131
1132
1132
1133
1133
1134
1134
1135
1135
1135
1136
1136
1137
1137
1138
1138
1139
1140
1140
1141
1141
1142
1142
1143
1143
1144
1144
1145
1145
1146
1146
1147
1147
1148
1148
1149
1149
1150
1150
1151
1151
1152
1152
1153
1153
1154
1154
1155
1155
1156
1156
1157
1157
1158
1158
1159
1159
1160
1160
1161
1161
1162
1162
1163
1163
1164
1164
1165
1165
1166
1166
1167
1167
1168
1168
1169
1169
1170
1170
1171
1171
1172
1172
1173
1173
1174
1174
1175
1175
1176
1176
1177
1177
1178
1178
1179
1179
1180
1180
1181
1181
1181
1182
1182
1183
1183
1184
1185
1185
1186
1186
1187
1187
1188
1188
1189
1189
1190
1190
1191
1191
1192
1192
1193
1193
1194
1194
1195
1195
1196
1196
1197
1197
1198
1198
1199
1199
1200
1200
1201
1201
1202
1202
1203
1203
1204
1204
1205
1205
1206
1206
1207
1207
1208
1208
1209
1209
1210
1210
1211
1211
1212
1212
1213
1213
1214
1214
1215
1215
1216
1216
1217
1217
1218
1218
1219
1219
1220
1220
1221
1221
1222
1222
1223
1223
1224
1224
1225
1225
1226
1226
1227
1227
1228
1228
1228
1229
1229
1230
1231
1231
1232
1232
1233
1233
1234
1234
1235
1235
1236
1236
1237
1237
1238
1238
1239
1239
1240
1240
1241
1241
1242
1242
1243
1243
1244
1244
1245
1245
1246
1246
1247
1247
1248
1248
1249
1249
1250
1250
1251
1251
1252
1252
1253
1253
1254
1254
1255
1255
1256
1256
1257
1257
1258
1258
1259
1259
1260
1260
1261
1261
1262
1262
1263
1263
1264
1264
1265
1265
1266
1266
1267
1267
1268
1268
1269
1269
1270
1270
1271
1271
1272
1272
1273
1273
1274
1274
1275
1275
1276
1276
1276
1277
1278
1279
1279
1280
1280
1281
1281
1282
1282
1283
1283
1284
1284
1285
1285
1286
1286
1287
1287
1288
1288
1289
1289
1290
1290
1291
1291
1292
1292
1293
1293
1294
1294
1295
1295
1296
1296
1297
1297
1298
1298
1299
1299
1300
1300
1301
1301
1302
1302
1303
1303
1304
1304
1305
1305
1306
1306
1307
1307
1308
1308
1309
1309
1310
1310
1311
1311
1312
1312
1313
1313
1314
1314
1315
1315
1316
1316
1317
1317
1318
1318
1319
1319
1320
1320
1321
1321
1322
1322
1323
1323
1324
1324
1325
1325
1325
1326
1326
1327
1327
1328
1328
1329
1329
1330
1330
1331
1331
1332
1332
1333
1333
1334
1334
1335
1335
1336
1336
1337
1337
1338
1338
1339
1339
1340
1340
1341
1341
1342
1342
1343
1343
1344
1344
1345
1345
1346
1346
1347
1347
1348
1348
1349
1349
1350
1350
1351
1351
1352
1352
1353
1353
1354
1354
1355
1355
1356
1356
1357
1357
1358
1358
1359
1359
1360
1360
1361
1361
1362
1362
1363
1363
1364
1364
1365
1365
1366
1366
1367
1367
1368
1368
1369
1369
1370
1370
1371
1371
1372
1372
1373
1373
1374
1374
1374
1375
1375
1376
1376
1377
1377
1378
1378
1379
1379
1380
1380
1381
1381
1382
1382
1383
1383
1384
1384
1385
1385
1386
1386
1387
1387
1388
1388
1389
1389
1390
1390
1391
1391
1392
1392
1393
1393
1394
1394
1395
1395
1396
1396
1397
1397
1398
1398
1399
1399
1400
1400
1401
1401
1402
1402
1403
1403
1404
1404
1405
1405
1406
1406
1407
1407
1408
1408
1409
1409
1410
1410
1411
1411
1412
1412
1413
1413
1414
1414
1415
1415
1416
1416
1417
1417
1418
1418
1419
1419
1420
1420
1421
1421
1422
1422
1423
1423
1424
1425
1425
1426
1426
1427
1427
1428
1428
1429
1429
1430
1430
1431
1431
1432
1432
1433
1433
1434
1434
1435
1435
1436
1436
1437
1437
1438
1438
1439
1439
1440
1440
1441
1441
1442
1442
1443
1443
1444
1444
1445
1445
1446
1446
1447
1447
1448
1448
1449
1449
1450
1450
1451
1451
1452
1452
1453
1453
1454
1454
1455
1455
1456
1456
1457
1457
1458
1458
1459
1459
1460
1460
1461
1461
1462
1462
1463
1463
1464
1464
1465
1465
1466
1466
1467
1467
1468
1468
1469
1469
1470
1470
1471
1471
1472
1472
1473
1473
1474
1474
1475
1475
1476
1477
1477
1478
1478
1479
1479
1480
1480
1481
1481
1482
1482
1483
1483
1484
1484
1485
1485
1486
1486
1487
1487
1488
1488
1489
1489
1490
1490
1491
1491
1492
1492
1493
1493
1494
1494
1495
1495
1496
1496
1497
1497
1498
1498
1499
1499
1500
1500
1501
1501
1502
1502
1503
1503
1504
1504
1505
1505
1506
1506
1507
1507
1508
1508
1509
1509
1510
1510
1511
1511
1512
1512
1513
1513
1514
1514
1515
1515
1516
1516
1517
1517
1518
1518
1519
1519
1520
1520
1521
1521
1522
1522
1523
1523
1524
1524
1525
1525
1526
1526
1527
1527
1528
1528
1529
1530
1530
1531
1531
1532
1532
1533
1533
1534
1534
1535
1535
1536
1536
1537
1537
1538
1538
1539
1539
1540
1540
1541
1541
1542
1542
1543
1543
1544
1544
1545
1545
1546
1546
1547
1547
1548
1548
1549
1549
1550
1550
1551
1551
1552
1552
1553
1553
1554
1554
1555
1555
1556
1556
1557
1557
1558
1558
1559
1559
1560
1560
1561
1561
1562
1562
1563
1563
1564
1564
1565
1565
1566
1566
1567
1567
1568
1568
1569
1569
1570
1570
1571
1571
1572
1572
1573
1573
1574
1574
1575
1575
1576
1576
1577
1577
1578
1578
1579
1579
1580
1580
1581
1581
1582
1582
1583
1584
1584
1585
1585
1586
1586
1587
1587
1588
1588
1589
1589
1590
1590
1591
1591
1592
1592
1593
1593
1594
1594
1595
1595
1596
1596
1597
1597
1598
1598
1599
1599
1600
1600
1601
1601
1602
1602
1603
1603
1604
1604
1605
1605
1606
1606
1607
1607
1608
1608
1609
1609
1610
1610
1611
1611
1612
1612
1613
1613
1614
1614
1615
1615
1616
1616
1617
1617
1618
1618
1619
1619
1620
1620
1621
1621
1622
1622
1623
1623
1624
1624
1625
1625
1626
1626
1627
1627
1628
1628
1629
1629
1630
1630
1631
1631
1632
1632
1633
1633
1634
1634
1635
1635
1636
1636
1637
1637
1638
1639
1639
1640
1640
1641
1641
1642
1642
1643
1643
1644
1644
1645
1645
1646
1646
1647
1647
1648
1648
1649
1649
1650
1650
1651
1651
1652
1652
1653
1653
1654
1654
1655
1655
1656
1656
1657
1657
1658
1658
1659
1659
1660
1660
1661
1661
1662
1662
1663
1663
1664
1664
1665
1665
1666
1666
1667
1667
1668
1668
1669
1669
1670
1671
1671
1672
1672
1673
1673
1674
1674
1675
1675
1676
1676
1677
1677
1678
1678
1679
1679
1680
1680
1681
1681
1682
1682
1683
1683
1684
1684
1685
1685
1686
1686
1687
1687
1688
1688
1689
1689
1690
1690
1691
1691
1692
1692
1693
1693
1694
1695
1695
1696
1696
1697
1697
1698
1698
1699
1699
1700
1700
1701
1701
1702
1702
1703
1703
1704
1704
1705
1705
1706
1706
1707
1707
1708
1708
1709
1709
1710
1710
1711
1711
1712
1712
1713
1713
1714
1714
1715
1715
1716
1716
1717
1717
1718
1718
1719
1719
1720
1720
1721
1721
1722
1722
1723
1723
1724
1724
1725
1725
1726
1726
1727
1728
1728
1729
1729
1730
1730
1731
1731
1732
1732
1733
1733
1734
1734
1735
1735
1736
1736
1737
1737
1738
1738
1739
1739
1740
1740
1741
1741
1742
1742
1743
1743
1744
1744
1745
1745
1746
1746
1747
1747
1748
1748
1749
1749
1750
1751
1751
1752
1752
1753
1753
1754
1754
1755
1755
1756
1756
1757
1757
1758
1758
1759
1759
1760
1760
1761
1761
1762
1762
1763
1763
1764
1764
1765
1765
1766
1766
1767
1767
1768
1768
1769
1769
1770
1770
1771
1771
1772
1772
1773
1773
1774
1774
1775
1775
1776
1776
1777
1777
1778
1778
1779
1779
1780
1780
1781
1781
1782
1782
1783
1783
1784
1785
1785
1786
1786
1787
1787
1788
1788
1789
1789
1790
1790
1791
1791
1792
1792
1793
1793
1794
1794
1795
1795
1796
1796
1797
1797
1798
1798
1799
1799
1800
1800
1801
1801
1802
1802
1803
1803
1804
1804
1805
1805
1806
1807
1807
1808
1808
1809
1809
1810
1810
1811
1811
1812
1812
1813
1813
1814
1814
1815
1815
1816
1816
1817
1817
1818
1818
1819
1819
1820
1820
1821
1821
1822
1822
1823
1823
1824
1824
1825
1825
1826
1826
1827
1827
1828
1828
1829
1829
1830
1830
1831
1831
1832
1832
1833
1833
1834
1834
1835
1835
1836
1836
1837
1837
1838
1838
1839
1839
1840
1840
1841
1842
1842
1843
1843
1844
1844
1845
1845
1846
1846
1847
1847
1848
1848
1849
1849
1850
1850
1851
1851
1852
1852
1853
1853
1854
1854
1855
1855
1856
1856
1857
1857
1858
1858
1859
1859
1860
1860
1861
1861
1862
1863
1863
1864
1864
1865
1865
1866
1866
1867
1867
1868
1868
1869
1869
1870
1870
1871
1871
1872
1872
1873
1873
1874
1874
1875
1875
1876
1876
1877
1877
1878
1878
1879
1879
1880
1880
1881
1881
1882
1882
1883
1883
1884
1884
1885
1885
1886
1886
1887
1887
1888
1888
1889
1889
1890
1890
1891
1891
1892
1892
1893
1893
1894
1894
1895
1895
1896
1896
1897
1897
1898
1899
1899
1900
1900
1901
1901
1902
1902
1903
1903
1904
1904
1905
1905
1906
1906
1907
1907
1908
1908
1909
1909
1910
1910
1911
1911
1912
1912
1913
1913
1914
1914
1915
1915
1916
1916
1917
1917
1918
1919
1919
1920
1920
1921
1921
1922
1922
1923
1923
1924
1924
1925
1925
1926
1926
1927
1927
1928
1928
1929
1929
1930
1930
1931
1931
1932
1932
1933
1933
1934
1934
1935
1935
1936
1936
1937
1937
1938
1938
1939
1939
1940
1940
1941
1941
1942
1942
1943
1943
1944
1944
1945
1945
1946
1946
1947
1947
1948
1948
1949
1949
1950
1950
1951
1951
1952
1952
1953
1953
1954
1954
1955
1956
1956
1957
1957
1958
1958
1959
1959
1960
1960
1961
1961
1962
1962
1963
1963
1964
1964
1965
1965
1966
1966
1967
1967
1968
1968
1969
1969
1970
1970
1971
1971
1972
1972
1973
1973
1974
1975
1975
1976
1976
1977
1977
1978
1978
1979
1979
1980
1980
1981
1981
1982
1982
1983
1983
1984
1984
1985
1985
1986
1986
1987
1987
1988
1988
1989
1989
1990
1990
1991
1991
1992
1992
1993
1993
1994
1994
1995
1995
1996
1996
1997
1997
1998
1998
1999
1999
2000
2000
2001
2001
2002
2002
2003
2003
2004
2004
2005
2005
2006
2006
2007
2007
2008
2008
2009
2009
2010
2010
2011
2011
2012
2013
2013
2014
2014
2015
2015
2016
2016
2017
2017
2018
2018
2019
2019
2020
2020
2021
2021
2022
2022
2023
2023
2024
2024
2025
2025
2026
2026
2027
2027
2028
2028
2029
2029
2030
2031
2031
2032
2032
2033
2033
2034
2034
2035
2035
2036
2036
2037
2037
2038
2038
2039
2039
2040
2040
2041
2041
2042
2042
2043
2043
2044
2044
2045
2045
2046
2046
2047
2047
2048
2048
2049
2049
2050
2050
2051
2051
2052
2052
2053
2053
2054
2054
2055
2055
2056
2056
2057
2057
2058
2058
2059
2059
2060
2060
2061
2061
2062
2062
2063
2063
2064
2064
2065
2065
2066
2066
2067
2067
2068
2068
2069
2070
2070
2071
2071
2072
2072
2073
2073
2074
2074
2075
2075
2076
2076
2077
2077
2078
2078
2079
2079
2080
2080
2081
2081
2082
2082
2083
2083
2084
2084
2085
2085
2086
2087
2087
2088
2088
2089
2089
2090
2090
2091
2091
2092
2092
2093
2093
2094
2094
2095
2095
2096
2096
2097
2097
2098
2098
2099
2099
2100
2100
2101
2101
2102
2102
2103
2103
2104
2104
2105
2105
2106
2106
2107
2107
2108
2108
2109
2109
2110
2110
2111
2111
2112
2112
2113
2113
2114
2114
2115
2115
2116
2116
2117
2117
2118
2118
2119
2119
2120
2120
2121
2121
2122
2122
2123
2123
2124
2124
2125
2125
2126
2127
2127
2128
2128
2129
2129
2130
2130
2131
2131
2132
2132
2133
2133
2134
2134
2135
2135
2136
2136
2137
2137
2138
2138
2139
2139
2140
2140
2141
2141
2142
2143
2143
2144
2144
2145
2145
2146
2146
2147
2147
2148
2148
2149
2149
2150
2150
2151
2151
2152
2152
2153
2153
2154
2154
2155
2155
2156
2156
2157
2157
2158
2158
2159
2159
2160
2160
2161
2161
2162
2162
2163
2163
2164
2164
2165
2165
2166
2166
2167
2167
2168
2168
2169
2169
2170
2170
2171
2171
2172
2172
2173
2173
2174
2174
2175
2175
2176
2176
2177
2177
2178
2178
2179
2179
2180
2180
2181
2181
2182
2182
2183
2184
2184
2185
2185
2186
2186
2187
2187
2188
2188
2189
2189
2190
2190
2191
2191
2192
2192
2193
2193
2194
2194
2195
2195
2196
2196
2197
2197
2198
2199
2199
2200
2200
2201
2201
2202
2202
2203
2203
2204
2204
2205
2205
2206
2206
2207
2207
2208
2208
2209
2209
2210
2210
2211
2211
2212
2212
2213
2213
2214
2214
2215
2215
2216
2216
2217
2217
2218
2218
2219
2219
2220
2220
2221
2221
2222
2222
2223
2223
2224
2224
2225
2225
2226
2226
2227
2227
2228
2228
2229
2229
2230
2230
2231
2231
2232
2232
2233
2233
2234
2234
2235
2235
2236
2236
2237
2237
2238
2238
2239
2239
2240
2241
2241
2242
2242
2243
2243
2244
2244
2245
2245
2246
2246
2247
2247
2248
2248
2249
2249
2250
2250
2251
2251
2252
2252
2253
2253
2254
2255
2255
2256
2256
2257
2257
2258
2258
2259
2259
2260
2260
2261
2261
2262
2262
2263
2263
2264
2264
2265
2265
2266
2266
2267
2267
2268
2268
2269
2269
2270
2270
2271
2271
2272
2272
2273
2273
2274
2274
2275
2275
2276
2276
2277
2277
2278
2278
2279
2279
2280
2280
2281
2281
2282
2282
2283
2283
2284
2284
2285
2285
2286
2286
2287
2287
2288
2288
2289
2289
2290
2290
2291
2291
2292
2292
2293
2293
2294
2294
2295
2295
2296
2296
2297
2298
2298
2299
2299
2300
2300
2301
2301
2302
2302
2303
2303
2304
2304
2305
2305
2306
2306
2307
2307
2308
2308
2309
2309
2310
2311
2311
2312
2312
2313
2313
2314
2314
2315
2315
2316
2316
2317
2317
2318
2318
2319
2319
2320
2320
2321
2321
2322
2322
2323
2323
2324
2324
2325
2325
2326
2326
2327
2327
2328
2328
2329
2329
2330
2330
2331
2331
2332
2332
2333
2333
2334
2334
2335
2335
2336
2336
2337
2337
2338
2338
2339
2339
2340
2340
2341
2341
2342
2342
2343
2343
2344
2344
2345
2345
2346
2346
2347
2347
2348
2348
2349
2349
2350
2350
2351
2351
2352
2352
2353
2353
2354
2355
2355
2356
2356
2357
2357
2358
2358
2359
2359
2360
2360
2361
2361
2362
2362
2363
2363
2364
2364
2365
2365
2366
2367
2367
2368
2368
2369
2369
2370
2370
2371
2371
2372
2372
2373
2373
2374
2374
2375
2375
2376
2376
2377
2377
2378
2378
2379
2379
2380
2380
2381
2381
2382
2382
2383
2383
2384
2384
2385
2385
2386
2386
2387
2387
2388
2388
2389
2389
2390
2390
2391
2391
2392
2392
2393
2393
2394
2394
2395
2395
2396
2396
2397
2397
2398
2398
2399
2399
2400
2400
2401
2401
2402
2402
2403
2403
2404
2404
2405
2405
2406
2406
2407
2407
2408
2408
2409
2409
2410
2410
2411
2412
2412
2413
2413
2414
2414
2415
2415
2416
2416
2417
2417
2418
2418
2419
2419
2420
2420
2421
2421
2422
2423
2423
2424
2424
2425
2425
2426
2426
2427
2427
2428
2428
2429
2429
2430
2430
2431
2431
2432
2432
2433
2433
2434
2434
2435
2435
2436
2436
2437
2437
2438
2438
2439
2439
2440
2440
2441
2441
2442
2442
2443
2443
2444
2444
2445
2445
2446
2446
2447
2447
2448
2448
2449
2449
2450
2450
2451
2451
2452
2452
2453
2453
2454
2454
2455
2455
2456
2456
2457
2457
2458
2458
2459
2459
2460
2460
2461
2461
2462
2462
2463
2463
2464
2464
2465
2465
2466
2466
2467
2467
2468
2469
2469
2470
2470
2471
2471
2472
2472
2473
2473
2474
2474
2475
2475
2476
2476
2477
2477
2478
2479
2479
2480
2480
2481
2481
2482
2482
2483
2483
2484
2484
2485
2485
2486
2486
2487
2487
2488
2488
2489
2489
2490
2490
2491
2491
2492
2492
2493
2493
2494
2494
2495
2495
2496
2496
2497
2497
2498
2498
2499
2499
2500
2500
2501
2501
2502
2502
2503
2503
2504
2504
2505
2505
2506
2506
2507
2507
2508
2508
2509
2509
2510
2510
2511
2511
2512
2512
2513
2513
2514
2514
2515
2515
2516
2516
2517
2517
2518
2518
2519
2519
2520
2520
2521
2521
2522
2522
2523
2523
2524
2524
2525
2526
2526
2527
2527
2528
2528
2529
2529
2530
2530
2531
2531
2532
2532
2533
2533
2534
2535
2535
2536
2536
2537
2537
2538
2538
2539
2539
2540
2540
2541
2541
2542
2542
2543
2543
2544
2544
2545
2545
2546
2546
2547
2547
2548
2548
2549
2549
2550
2550
2551
2551
2552
2552
2553
2553
2554
2554
2555
2555
2556
2556
2557
2557
2558
2558
2559
2559
2560
2560
2561
2561
2562
2562
2563
2563
2564
2564
2565
2565
2566
2566
2567
2567
2568
2568
2569
2569
2570
2570
2571
2571
2572
2572
2573
2573
2574
2574
2575
2575
2576
2576
2577
2577
2578
2578
2579
2579
2580
2580
2581
2581
2582
2583
2583
2584
2584
2585
2585
2586
2586
2587
2587
2588
2588
2589
2589
2590
2591
2591
2592
2592
2593
2593
2594
2594
2595
2595
2596
2596
2597
2597
2598
2598
2599
2599
2600
2600
2601
2601
2602
2602
2603
2603
2604
2604
2605
2605
2606
2606
2607
2607
2608
2608
2609
2609
2610
2610
2611
2611
2612
2612
2613
2613
2614
2614
2615
2615
2616
2616
2617
2617
2618
2618
2619
2619
2620
2620
2621
2621
2622
2622
2623
2623
2624
2624
2625
2625
2626
2626
2627
2627
2628
2628
2629
2629
2630
2630
2631
2631
2632
2632
2633
2633
2634
2634
2635
2635
2636
2636
2637
2637
2638
2638
2639
2640
2640
2641
2641
2642
2642
2643
2643
2644
2644
2645
2645
2646
2647
2647
2648
2648
2649
2649
2650
2650
2651
2651
2652
2652
2653
2653
2654
2654
2655
2655
2656
2656
2657
2657
2658
2658
2659
2659
2660
2660
2661
2661
2662
2662
2663
2663
2664
2664
2665
2665
2666
2666
2667
2667
2668
2668
2669
2669
2670
2670
2671
2671
2672
2672
2673
2673
2674
2674
2675
2675
2676
2676
2677
2677
2678
2678
2679
2679
2680
2680
2681
2681
2682
2682
2683
2683
2684
2684
2685
2685
2686
2686
2687
2687
2688
2688
2689
2689
2690
2690
2691
2691
2692
2692
2693
2693
2694
2694
2695
2695
2696
2697
2697
2698
2698
2699
2699
2700
2700
2701
2701
2702
2703
2703
2704
2705
2705
2706
2706
2707
2707
2708
2708
2709
2709
2710
2710
2711
2711
2712
2712
2713
2713
2714
2714
2715
2715
2716
2716
2717
2717
2718
2718
2719
2719
2720
2720
2721
2721
2722
2722
2723
2723
2724
2724
2725
2725
2726
2726
2727
2727
2728
2728
2729
2730
2730
2731
2731
2732
2732
2733
2733
2734
2734
2735
2735
2736
2736
2737
2737
2738
2738
2739
2739
2740
2740
2741
2741
2742
2742
2743
2743
2744
2744
2745
2745
2746
2746
2747
2747
2748
2748
2749
2749
2750
2750
2751
2751
2752
2752
2753
2754
2754
2755
2755
2756
2756
2757
2757
2758
2759
2759
2760
2761
2761
2762
2762
2763
2763
2764
2764
2765
2765
2766
2766
2767
2767
2768
2768
2769
2769
2770
2770
2771
2771
2772
2772
2773
2773
2774
2774
2775
2775
2776
2776
2777
2777
2778
2778
2779
2779
2780
2780
2781
2781
2782
2782
2783
2783
2784
2784
2785
2786
2786
2787
2787
2788
2788
2789
2789
2790
2790
2791
2791
2792
2792
2793
2793
2794
2794
2795
2795
2796
2796
2797
2797
2798
2798
2799
2799
2800
2800
2801
2801
2802
2802
2803
2803
2804
2804
2805
2805
2806
2806
2807
2807
2808
2808
2809
2810
2810
2811
2811
2812
2812
2813
2814
2814
2815
2816
2816
2817
2817
2818
2818
2819
2819
2820
2820
2821
2821
2822
2822
2823
2823
2824
2824
2825
2825
2826
2826
2827
2827
2828
2828
2829
2829
2830
2830
2831
2831
2832
2832
2833
2833
2834
2834
2835
2835
2836
2836
2837
2837
2838
2838
2839
2839
2840
2841
2841
2842
2842
2843
2843
2844
2844
2845
2845
2846
2846
2847
2847
2848
2848
2849
2849
2850
2850
2851
2851
2852
2852
2853
2853
2854
2854
2855
2855
2856
2856
2857
2857
2858
2858
2859
2859
2860
2860
2861
2861
2862
2862
2863
2863
2864
2865
2865
2866
2866
2867
2868
2868
2869
2870
2870
2871
2871
2872
2872
2873
2873
2874
2874
2875
2875
2876
2876
2877
2877
2878
2878
2879
2879
2880
2880
2881
2881
2882
2882
2883
2883
2884
2884
2885
2885
2886
2886
2887
2887
2888
2888
2889
2889
2890
2890
2891
2891
2892
2892
2893
2893
2894
2895
2895
2896
2896
2897
2897
2898
2898
2899
2899
2900
2900
2901
2901
2902
2902
2903
2903
2904
2904
2905
2905
2906
2906
2907
2907
2908
2908
2909
2909
2910
2910
2911
2911
2912
2912
2913
2913
2914
2914
2915
2915
2916
2916
2917
2917
2918
2919
2919
2920
2921
2921
2922
2923
2923
2924
2924
2925
2925
2926
2926
2927
2927
2928
2928
2929
2929
2930
2930
2931
2931
2932
2932
2933
2933
2934
2934
2935
2935
2936
2936
2937
2937
2938
2938
2939
2939
2940
2940
2941
2941
2942
2942
2943
2943
2944
2944
2945
2945
2946
2946
2947
2948
2948
2949
2949
2950
2950
2951
2951
2952
2952
2953
2953
2954
2954
2955
2955
2956
2956
2957
2957
2958
2958
2959
2959
2960
2960
2961
2961
2962
2962
2963
2963
2964
2964
2965
2965
2966
2966
2967
2967
2968
2968
2969
2969
2970
2970
2971
2972
2973
2973
2974
2975
2975
2976
2976
2977
2977
2978
2978
2979
2979
2980
2980
2981
2981
2982
2982
2983
2983
2984
2984
2985
2985
2986
2986
2987
2987
2988
2988
2989
2989
2990
2990
2991
2991
2992
2992
2993
2993
2994
2994
2995
2995
2996
2996
2997
2997
2998
2999
3000
3000
3001
3001
3002
3002
3003
3003
3004
3004
3005
3005
3006
3006
3007
3007
3008
3008
3009
3009
3010
3010
3011
3011
3012
3012
3013
3013
3014
3014
3015
3015
3016
3016
3017
3017
3018
3018
3019
3019
3020
3020
3021
3021
3022
3022
3024
3025
3026
3026
3027
3027
3028
3028
3029
3029
3030
3030
3031
3031
3032
3032
3033
3033
3034
3034
3035
3035
3036
3036
3037
3037
3038
3038
3039
3039
3040
3040
3041
3041
3042
3042
3043
3043
3044
3044
3045
3045
3046
3046
3047
3047
3048
3049
3050
3050
3051
3051
3052
3052
3053
3053
3054
3054
3055
3055
3056
3056
3057
3057
3058
3058
3059
3059
3060
3060
3061
3061
3062
3062
3063
3063
3064
3064
3065
3065
3066
3066
3067
3067
3068
3068
3069
3069
3070
3070
3071
3071
3072
3073
3074
3074
3075
3075
3076
3076
3077
3077
3078
3078
3079
3079
3080
3080
3081
3081
3082
3082
3083
3083
3084
3084
3085
3085
3086
3086
3087
3087
3088
3088
3089
3089
3090
3090
3091
3091
3092
3092
3093
3093
3094
3094
3095
3096
3097
3097
3098
3098
3099
3099
3100
3100
3101
3101
3102
3102
3103
3103
3104
3104
3105
3105
3106
3106
3107
3107
3108
3108
3109
3109
3110
3110
3111
3111
3112
3112
3113
3113
3114
3114
3115
3115
3116
3116
3117
3117
3118
3119
3120
3120
3121
3121
3122
3122
3123
3123
3124
3124
3125
3125
3126
3126
3127
3127
3128
3128
3129
3129
3130
3130
3131
3131
3132
3132
3133
3133
3134
3134
3135
3135
3136
3136
3137
3137
3138
3138
3139
3139
3140
3141
3142
3142
3143
3143
3144
3144
3145
3145
3146
3146
3147
3147
3148
3148
3149
3149
3150
3150
3151
3151
3152
3152
3153
3153
3154
3154
3155
3155
3156
3156
3157
3157
3158
3158
3159
3159
3160
3160
3161
3161
3162
3163
3164
3164
3165
3165
3166
3166
3167
3167
3168
3168
3169
3169
3170
3170
3171
3171
3172
3172
3173
3173
3174
3174
3175
3175
3176
3176
3177
3177
3178
3178
3179
3179
3180
3180
3181
3181
3182
3182
3183
3184
3185
3185
3186
3186
3187
3187
3188
3188
3189
3189
3190
3190
3191
3191
3192
3192
3193
3193
3194
3194
3195
3195
3196
3196
3197
3197
3198
3198
3199
3199
3200
3200
3201
3201
3202
3202
3203
3203
3204
3205
3206
3206
3207
3207
3208
3208
3209
3209
3210
3210
3211
3211
3212
3212
3213
3213
3214
3214
3215
3215
3216
3216
3217
3217
3218
3218
3219
3219
3220
3220
3221
3221
3222
3222
3223
3223
3224
3225
3226
3226
3227
3227
3228
3228
3229
3229
3230
3230
3231
3231
3232
3232
3233
3233
3234
3234
3235
3235
3236
3236
3237
3237
3238
3238
3239
3239
3240
3240
3241
3241
3242
3242
3243
3243
3244
3245
3246
3246
3247
3247
3248
3248
3249
3249
3250
3250
3251
3251
3252
3252
3253
3253
3254
3254
3255
3255
3256
3256
3257
3257
3258
3258
3259
3259
3260
3260
3261
3261
3262
3262
3263
3264
3265
3265
3266
3266
3267
3267
3268
3268
3269
3269
3270
3270
3271
3271
3272
3272
3273
3273
3274
3274
3275
3275
3276
3276
3277
3277
3278
3278
3279
3279
3280
3280
3281
3281
3282
3283
3284
3284
3285
3285
3286
3286
3287
3287
3288
3288
3289
3289
3290
3290
3291
3291
3292
3292
3293
3293
3294
3294
3295
3295
3296
3296
3297
3297
3298
3298
3299
3299
3300
3301
3302
3302
3303
3303
3304
3304
3305
3305
3306
3306
3307
3307
3308
3308
3309
3309
3310
3310
3311
3311
3312
3312
3313
3313
3314
3314
3315
3315
3316
3316
3317
3317
3318
3319
3320
3320
3321
3321
3322
3322
3323
3323
3324
3324
3325
3325
3326
3326
3327
3327
3328
3328
3329
3329
3330
3330
3331
3331
3332
3332
3333
3333
3334
3334
3335
3336
3337
3337
3338
3338
3339
3339
3340
3340
3341
3341
3342
3342
3343
3343
3344
3344
3345
3345
3346
3346
3347
3347
3348
3348
3349
3349
3350
3350
3351
3351
3352
3353
3354
3354
3355
3355
3356
3356
3357
3357
3358
3358
3359
3359
3360
3360
3361
3361
3362
3362
3363
3363
3364
3364
3365
3365
3366
3366
3367
3367
3368
3369
3370
3370
3371
3371
3372
3372
3373
3373
3374
3374
3375
3375
3376
3376
3377
3377
3378
3378
3379
3379
3380
3380
3381
3381
3382
3382
3383
3383
3384
3385
3386
3386
3387
3387
3388
3388
3389
3389
3390
3390
3391
3391
3392
3392
3393
3393
3394
3394
3395
3395
3396
3396
3397
3397
3398
3398
3399
3400
3401
3401
3402
3402
3403
3403
3404
3404
3405
3405
3406
3406
3407
3407
3408
3408
3409
3409
3410
3410
3411
3411
3412
3412
3413
3413
3414
3415
3416
3416
3417
3417
3418
3418
3419
3419
3420
3420
3421
3421
3422
3422
3423
3423
3424
3424
3425
3425
3426
3426
3427
3427
3428
3429
3430
3430
3431
3431
3432
3432
3433
3433
3434
3434
3435
3435
3436
3436
3437
3437
3438
3438
3439
3439
3440
3440
3441
3441
3442
3443
3444
3444
3445
3445
3446
3446
3447
3447
3448
3448
3449
3449
3450
3450
3451
3451
3452
3452
3453
3453
3454
3454
3455
3456
3457
3457
3458
3458
3459
3459
3460
3460
3461
3461
3462
3462
3463
3463
3464
3464
3465
3465
3466
3466
3467
3467
3468
3469
3470
3470
3471
3471
3472
3472
3473
3473
3474
3474
3475
3475
3476
3476
3477
3477
3478
3478
3479
3479
3480
3481
3482
3482
3483
3483
3484
3484
3485
3485
3486
3486
3487
3487
3488
3488
3489
3489
3490
3490
3491
3491
3492
3493
3494
3494
3495
3495
3496
3496
3497
3497
3498
3498
3499
3499
3500
3500
3501
3501
3502
3502
3503
3504
3505
3505
3506
3506
3507
3507
3508
3508
3509
3509
3510
3510
3511
3511
3512
3512
3513
3513
3514
3515
3516
3516
3517
3517
3518
3518
3519
3519
3520
3520
3521
3521
3522
3522
3523
3523
3524
3525
3526
3526
3527
3527
3528
3528
3529
3529
3530
3530
3531
3531
3532
3532
3533
3533
3534
3535
3536
3536
3537
3537
3538
3538
3539
3539
3540
3540
3541
3541
3542
3542
3543
3544
3545
3545
3546
3546
3547
3547
3548
3548
3549
3549
3550
3550
3551
3551
3552
3553
3554
3554
3555
3555
3556
3556
3557
3557
3558
3558
3559
3559
3560
3561
3562
3562
3563
3563
3564
3564
3565
3565
3566
3566
3567
3567
3568
3569
3570
3570
3571
3571
3572
3572
3573
3573
3574
3574
3575
3576
3577
3577
3578
3578
3579
3579
3580
3580
3581
3581
3582
3583
3584
3584
3585
3585
3586
3586
3587
3587
3588
3589
3590
3590
3591
3591
3592
3592
3593
3593
3594
3595
3596
3596
3597
3597
3598
3598
3599
3600
3601
3601
3602
3602
3603
3603
3604
3605
3606
3606
3607
3607
3608
3609
3610
3610
3611
3611
3612
3613
3614
3614
3615
3616
3617
3617
3618
3619
3620
3621
3622
2998
3048
3095
3140
3183
3224
3263
3300
3335
3368
3399
3428
3455
3480
3503
3524
3543
3560
3575
3588
3599
3608
3615
3620
3623
1670
1727
1784
1841
1898
1955
2012
2069
2126
2183
2240
2297
2354
2411
2468
2525
2582
2639
2696
2753
2809
2864
2918
2971
3023
3024
3072
3118
3162
3204
3244
3282
3318
3352
3384
3414
3442
3468
3492
3514
3534
3552
3568
3582
3594
3604
3612
3618
3622
3624
0
2
5
9
14
20
27
35
44
54
65
77
90
104
119
135
152
170
189
209
230
252
275
299
324
0
1
3
6
10
15
21
28
36
45
55
66
78
91
105
120
136
153
171
190
210
231
253
276
300
325
350
375
400
425
1670
1614
1559
1505
1452
1400
1350
1302
1254
1207
1161
1116
1072
1029
987
946
906
867
829
792
756
721
687
654
622
591
561
532
504
477
3023
2972
2920
2867
2813
2758
2702
2646
2590
2534
2478
2422
2366
2310
2254
2198
2142
2086
2030
1974
1918
1862
1806
1750
1694
1638
1583
1529
1476
1424
1425
1477
1530
1584
1639
1695
1751
1807
1863
1919
1975
2031
2087
2143
2199
2255
2311
2367
2423
2479
2535
2591
2647
2703
2759
2814
2868
2921
2973
3024
2729
2785
2840
2894
2947
2999
3049
3096
3141
3184
3225
3264
3301
3336
3369
3400
3429
3456
3481
3504
3525
3544
3561
3576
3589
3600
3609
3616
3621
3624
2704
2760
2815
2869
2922
2974
3025
3073
3119
3163
3205
3245
3283
3319
3353
3385
3415
3443
3469
3493
3515
3535
3553
3569
3583
3595
3605
3613
3619
3623
1375
1427
1480
1534
1589
1645
1702
1759
1816
1873
1930
1987
2044
2101
2158
2215
2272
2329
2386
2443
2500
2557
2614
2671
2728
2784
2839
2893
2946
2998
324
349
374
399
424
449
474
500
527
555
584
614
645
677
710
744
779
815
852
890
929
969
1010
1052
1095
1139
1184
1230
1277
1278
0
2
5
9
14
20
27
35
44
54
65
77
90
104
119
135
152
170
189
209
230
252
275
299
324
1
4
8
13
19
26
34
43
53
64
76
89
103
118
134
151
169
188
208
229
251
274
298
323
349
3
7
12
18
25
33
42
52
63
75
88
102
117
133
150
168
187
207
228
250
273
297
322
348
374
6
11
17
24
32
41
51
62
74
87
101
116
132
149
167
186
206
227
249
272
296
321
347
373
399
10
16
23
31
40
50
61
73
86
100
115
131
148
166
185
205
226
248
271
295
320
346
372
398
424
15
22
30
39
49
60
72
85
99
114
130
147
165
184
204
225
247
270
294
319
345
371
397
423
449
21
29
38
48
59
71
84
98
113
129
146
164
183
203
224
246
269
293
318
344
370
396
422
448
474
28
37
47
58
70
83
97
112
128
145
163
182
202
223
245
268
292
317
343
369
395
421
447
473
500
36
46
57
69
82
96
111
127
144
162
181
201
222
244
267
291
316
342
368
394
420
446
472
499
527
45
56
68
81
95
110
126
143
161
180
200
221
243
266
290
315
341
367
393
419
445
471
498
526
555
55
67
80
94
109
125
142
160
179
199
220
242
265
289
314
340
366
392
418
444
470
497
525
554
584
66
79
93
108
124
141
159
178
198
219
241
264
288
313
339
365
391
417
443
469
496
524
553
583
614
78
92
107
123
140
158
177
197
218
240
263
287
312
338
364
390
416
442
468
495
523
552
582
613
645
91
106
122
139
157
176
196
217
239
262
286
311
337
363
389
415
441
467
494
522
551
581
612
644
677
105
121
138
156
175
195
216
238
261
285
310
336
362
388
414
440
466
493
521
550
580
611
643
676
710
120
137
155
174
194
215
237
260
284
309
335
361
387
413
439
465
492
520
549
579
610
642
675
709
744
136
154
173
193
214
236
259
283
308
334
360
386
412
438
464
491
519
548
578
609
641
674
708
743
779
153
172
192
213
235
258
282
307
333
359
385
411
437
463
490
518
547
577
608
640
673
707
742
778
815
171
191
212
234
257
281
306
332
358
384
410
436
462
489
517
546
576
607
639
672
706
741
777
814
852
190
211
233
256
280
305
331
357
383
409
435
461
488
516
545
575
606
638
671
705
740
776
813
851
890
210
232
255
279
304
330
356
382
408
434
460
487
515
544
574
605
637
670
704
739
775
812
850
889
929
231
254
278
303
329
355
381
407
433
459
486
514
543
573
604
636
669
703
738
774
811
849
888
928
969
253
277
302
328
354
380
406
432
458
485
513
542
572
603
635
668
702
737
773
810
848
887
927
968
1010
276
301
327
353
379
405
431
457
484
512
541
571
602
634
667
701
736
772
809
847
886
926
967
1009
1052
300
326
352
378
404
430
456
483
511
540
570
601
633
666
700
735
771
808
846
885
925
966
1008
1051
1095
325
351
377
403
429
455
482
510
539
569
600
632
665
699
734
770
807
845
884
924
965
1007
1050
1094
1139
350
376
402
428
454
481
509
538
568
599
631
664
698
733
769
806
844
883
923
964
1006
1049
1093
1138
1184
375
401
427
453
480
508
537
567
598
630
663
697
732
768
805
843
882
922
963
1005
1048
1092
1137
1183
1230
400
426
452
479
507
536
566
597
629
662
696
731
767
804
842
881
921
962
1004
1047
1091
1136
1182
1229
1277
425
450
475
501
528
556
585
615
646
678
711
745
780
816
853
891
930
970
1011
1053
1096
1140
1185
1231
1278
1670
1614
1559
1505
1452
1400
1350
1302
1254
1207
1161
1116
1072
1029
987
946
906
867
829
792
756
721
687
654
622
591
561
532
504
477
1727
1671
1615
1560
1506
1453
1401
1351
1303
1255
1208
1162
1117
1073
1030
988
947
907
868
830
793
757
722
688
655
623
592
562
533
505
1784
1728
1672
1616
1561
1507
1454
1402
1352
1304
1256
1209
1163
1118
1074
1031
989
948
908
869
831
794
758
723
689
656
624
593
563
534
1841
1785
1729
1673
1617
1562
1508
1455
1403
1353
1305
1257
1210
1164
1119
1075
1032
990
949
909
870
832
795
759
724
690
657
625
594
564
1898
1842
1786
1730
1674
1618
1563
1509
1456
1404
1354
1306
1258
1211
1165
1120
1076
1033
991
950
910
871
833
796
760
725
691
658
626
595
1955
1899
1843
1787
1731
1675
1619
1564
1510
1457
1405
1355
1307
1259
1212
1166
1121
1077
1034
992
951
911
872
834
797
761
726
692
659
627
2012
1956
1900
1844
1788
1732
1676
1620
1565
1511
1458
1406
1356
1308
1260
1213
1167
1122
1078
1035
993
952
912
873
835
798
762
727
693
660
2069
2013
1957
1901
1845
1789
1733
1677
1621
1566
1512
1459
1407
1357
1309
1261
1214
1168
1123
1079
1036
994
953
913
874
836
799
763
728
694
2126
2070
2014
1958
1902
1846
1790
1734
1678
1622
1567
1513
1460
1408
1358
1310
1262
1215
1169
1124
1080
1037
995
954
914
875
837
800
764
729
2183
2127
2071
2015
1959
1903
1847
1791
1735
1679
1623
1568
1514
1461
1409
1359
1311
1263
1216
1170
1125
1081
1038
996
955
915
876
838
801
765
2240
2184
2128
2072
2016
1960
1904
1848
1792
1736
1680
1624
1569
1515
1462
1410
1360
1312
1264
1217
1171
1126
1082
1039
997
956
916
877
839
802
2297
2241
2185
2129
2073
2017
1961
1905
1849
1793
1737
1681
1625
1570
1516
1463
1411
1361
1313
1265
1218
1172
1127
1083
1040
998
957
917
878
840
2354
2298
2242
2186
2130
2074
2018
1962
1906
1850
1794
1738
1682
1626
1571
1517
1464
1412
1362
1314
1266
1219
1173
1128
1084
1041
999
958
918
879
2411
2355
2299
2243
2187
2131
2075
2019
1963
1907
1851
1795
1739
1683
1627
1572
1518
1465
1413
1363
1315
1267
1220
1174
1129
1085
1042
1000
959
919
2468
2412
2356
2300
2244
2188
2132
2076
2020
1964
1908
1852
1796
1740
1684
1628
1573
1519
1466
1414
1364
1316
1268
1221
1175
1130
1086
1043
1001
960
2525
2469
2413
2357
2301
2245
2189
2133
2077
2021
1965
1909
1853
1797
1741
1685
1629
1574
1520
1467
1415
1365
1317
1269
1222
1176
1131
1087
1044
1002
2582
2526
2470
2414
2358
2302
2246
2190
2134
2078
2022
1966
1910
1854
1798
1742
1686
1630
1575
1521
1468
1416
1366
1318
1270
1223
1177
1132
1088
1045
2639
2583
2527
2471
2415
2359
2303
2247
2191
2135
2079
2023
1967
1911
1855
1799
1743
1687
1631
1576
1522
1469
1417
1367
1319
1271
1224
1178
1133
1089
2696
2640
2584
2528
2472
2416
2360
2304
2248
2192
2136
2080
2024
1968
1912
1856
1800
1744
1688
1632
1577
1523
1470
1418
1368
1320
1272
1225
1179
1134
2753
2697
2641
2585
2529
2473
2417
2361
2305
2249
2193
2137
2081
2025
1969
1913
1857
1801
1745
1689
1633
1578
1524
1471
1419
1369
1321
1273
1226
1180
2809
2754
2698
2642
2586
2530
2474
2418
2362
2306
2250
2194
2138
2082
2026
1970
1914
1858
1802
1746
1690
1634
1579
1525
1472
1420
1370
1322
1274
1227
2864
2810
2755
2699
2643
2587
2531
2475
2419
2363
2307
2251
2195
2139
2083
2027
1971
1915
1859
1803
1747
1691
1635
1580
1526
1473
1421
1371
1323
1275
2918
2865
2811
2756
2700
2644
2588
2532
2476
2420
2364
2308
2252
2196
2140
2084
2028
1972
1916
1860
1804
1748
1692
1636
1581
1527
1474
1422
1372
1324
2971
2919
2866
2812
2757
2701
2645
2589
2533
2477
2421
2365
2309
2253
2197
2141
2085
2029
1973
1917
1861
1805
1749
1693
1637
1582
1528
1475
1423
1373
3023
2972
2920
2867
2813
2758
2702
2646
2590
2534
2478
2422
2366
2310
2254
2198
2142
2086
2030
1974
1918
1862
1806
1750
1694
1638
1583
1529
1476
1424
1425
1451
1503
1556
1610
1665
1721
1777
1833
1889
1945
2001
2057
2113
2169
2225
2281
2337
2393
2449
2505
2561
2617
2673
2729
1477
1504
1557
1611
1666
1722
1778
1834
1890
1946
2002
2058
2114
2170
2226
2282
2338
2394
2450
2506
2562
2618
2674
2730
2785
1530
1558
1612
1667
1723
1779
1835
1891
1947
2003
2059
2115
2171
2227
2283
2339
2395
2451
2507
2563
2619
2675
2731
2786
2840
1584
1613
1668
1724
1780
1836
1892
1948
2004
2060
2116
2172
2228
2284
2340
2396
2452
2508
2564
2620
2676
2732
2787
2841
2894
1639
1669
1725
1781
1837
1893
1949
2005
2061
2117
2173
2229
2285
2341
2397
2453
2509
2565
2621
2677
2733
2788
2842
2895
2947
1695
1726
1782
1838
1894
1950
2006
2062
2118
2174
2230
2286
2342
2398
2454
2510
2566
2622
2678
2734
2789
2843
2896
2948
2999
1751
1783
1839
1895
1951
2007
2063
2119
2175
2231
2287
2343
2399
2455
2511
2567
2623
2679
2735
2790
2844
2897
2949
3000
3049
1807
1840
1896
1952
2008
2064
2120
2176
2232
2288
2344
2400
2456
2512
2568
2624
2680
2736
2791
2845
2898
2950
3001
3050
3096
1863
1897
1953
2009
2065
2121
2177
2233
2289
2345
2401
2457
2513
2569
2625
2681
2737
2792
2846
2899
2951
3002
3051
3097
3141
1919
1954
2010
2066
2122
2178
2234
2290
2346
2402
2458
2514
2570
2626
2682
2738
2793
2847
2900
2952
3003
3052
3098
3142
3184
1975
2011
2067
2123
2179
2235
2291
2347
2403
2459
2515
2571
2627
2683
2739
2794
2848
2901
2953
3004
3053
3099
3143
3185
3225
2031
2068
2124
2180
2236
2292
2348
2404
2460
2516
2572
2628
2684
2740
2795
2849
2902
2954
3005
3054
3100
3144
3186
3226
3264
2087
2125
2181
2237
2293
2349
2405
2461
2517
2573
2629
2685
2741
2796
2850
2903
2955
3006
3055
3101
3145
3187
3227
3265
3301
2143
2182
2238
2294
2350
2406
2462
2518
2574
2630
2686
2742
2797
2851
2904
2956
3007
3056
3102
3146
3188
3228
3266
3302
3336
2199
2239
2295
2351
2407
2463
2519
2575
2631
2687
2743
2798
2852
2905
2957
3008
3057
3103
3147
3189
3229
3267
3303
3337
3369
2255
2296
2352
2408
2464
2520
2576
2632
2688
2744
2799
2853
2906
2958
3009
3058
3104
3148
3190
3230
3268
3304
3338
3370
3400
2311
2353
2409
2465
2521
2577
2633
2689
2745
2800
2854
2907
2959
3010
3059
3105
3149
3191
3231
3269
3305
3339
3371
3401
3429
2367
2410
2466
2522
2578
2634
2690
2746
2801
2855
2908
2960
3011
3060
3106
3150
3192
3232
3270
3306
3340
3372
3402
3430
3456
2423
2467
2523
2579
2635
2691
2747
2802
2856
2909
2961
3012
3061
3107
3151
3193
3233
3271
3307
3341
3373
3403
3431
3457
3481
2479
2524
2580
2636
2692
2748
2803
2857
2910
2962
3013
3062
3108
3152
3194
3234
3272
3308
3342
3374
3404
3432
3458
3482
3504
2535
2581
2637
2693
2749
2804
2858
2911
2963
3014
3063
3109
3153
3195
3235
3273
3309
3343
3375
3405
3433
3459
3483
3505
3525
2591
2638
2694
2750
2805
2859
2912
2964
3015
3064
3110
3154
3196
3236
3274
3310
3344
3376
3406
3434
3460
3484
3506
3526
3544
2647
2695
2751
2806
2860
2913
2965
3016
3065
3111
3155
3197
3237
3275
3311
3345
3377
3407
3435
3461
3485
3507
3527
3545
3561
2703
2752
2807
2861
2914
2966
3017
3066
3112
3156
3198
3238
3276
3312
3346
3378
3408
3436
3462
3486
3508
3528
3546
3562
3576
2759
2808
2862
2915
2967
3018
3067
3113
3157
3199
3239
3277
3313
3347
3379
3409
3437
3463
3487
3509
3529
3547
3563
3577
3589
2814
2863
2916
2968
3019
3068
3114
3158
3200
3240
3278
3314
3348
3380
3410
3438
3464
3488
3510
3530
3548
3564
3578
3590
3600
2868
2917
2969
3020
3069
3115
3159
3201
3241
3279
3315
3349
3381
3411
3439
3465
3489
3511
3531
3549
3565
3579
3591
3601
3609
2921
2970
3021
3070
3116
3160
3202
3242
3280
3316
3350
3382
3412
3440
3466
3490
3512
3532
3550
3566
3580
3592
3602
3610
3616
2973
3022
3071
3117
3161
3203
3243
3281
3317
3351
3383
3413
3441
3467
3491
3513
3533
3551
3567
3581
3593
3603
3611
3617
3621
3024
3072
3118
3162
3204
3244
3282
3318
3352
3384
3414
3442
3468
3492
3514
3534
3552
3568
3582
3594
3604
3612
3618
3622
3624
1375
1427
1480
1534
1589
1645
1702
1759
1816
1873
1930
1987
2044
2101
2158
2215
2272
2329
2386
2443
2500
2557
2614
2671
2728
2784
2839
2893
2946
2998
1426
1479
1533
1588
1644
1701
1758
1815
1872
1929
1986
2043
2100
2157
2214
2271
2328
2385
2442
2499
2556
2613
2670
2727
2783
2838
2892
2945
2997
3048
1478
1532
1587
1643
1700
1757
1814
1871
1928
1985
2042
2099
2156
2213
2270
2327
2384
2441
2498
2555
2612
2669
2726
2782
2837
2891
2944
2996
3047
3095
1531
1586
1642
1699
1756
1813
1870
1927
1984
2041
2098
2155
2212
2269
2326
2383
2440
2497
2554
2611
2668
2725
2781
2836
2890
2943
2995
3046
3094
3140
1585
1641
1698
1755
1812
1869
1926
1983
2040
2097
2154
2211
2268
2325
2382
2439
2496
2553
2610
2667
2724
2780
2835
2889
2942
2994
3045
3093
3139
3183
1640
1697
1754
1811
1868
1925
1982
2039
2096
2153
2210
2267
2324
2381
2438
2495
2552
2609
2666
2723
2779
2834
2888
2941
2993
3044
3092
3138
3182
3224
1696
1753
1810
1867
1924
1981
2038
2095
2152
2209
2266
2323
2380
2437
2494
2551
2608
2665
2722
2778
2833
2887
2940
2992
3043
3091
3137
3181
3223
3263
1752
1809
1866
1923
1980
2037
2094
2151
2208
2265
2322
2379
2436
2493
2550
2607
2664
2721
2777
2832
2886
2939
2991
3042
3090
3136
3180
3222
3262
3300
1808
1865
1922
1979
2036
2093
2150
2207
2264
2321
2378
2435
2492
2549
2606
2663
2720
2776
2831
2885
2938
2990
3041
3089
3135
3179
3221
3261
3299
3335
1864
1921
1978
2035
2092
2149
2206
2263
2320
2377
2434
2491
2548
2605
2662
2719
2775
2830
2884
2937
2989
3040
3088
3134
3178
3220
3260
3298
3334
3368
1920
1977
2034
2091
2148
2205
2262
2319
2376
2433
2490
2547
2604
2661
2718
2774
2829
2883
2936
2988
3039
3087
3133
3177
3219
3259
3297
3333
3367
3399
1976
2033
2090
2147
2204
2261
2318
2375
2432
2489
2546
2603
2660
2717
2773
2828
2882
2935
2987
3038
3086
3132
3176
3218
3258
3296
3332
3366
3398
3428
2032
2089
2146
2203
2260
2317
2374
2431
2488
2545
2602
2659
2716
2772
2827
2881
2934
2986
3037
3085
3131
3175
3217
3257
3295
3331
3365
3397
3427
3455
2088
2145
2202
2259
2316
2373
2430
2487
2544
2601
2658
2715
2771
2826
2880
2933
2985
3036
3084
3130
3174
3216
3256
3294
3330
3364
3396
3426
3454
3480
2144
2201
2258
2315
2372
2429
2486
2543
2600
2657
2714
2770
2825
2879
2932
2984
3035
3083
3129
3173
3215
3255
3293
3329
3363
3395
3425
3453
3479
3503
2200
2257
2314
2371
2428
2485
2542
2599
2656
2713
2769
2824
2878
2931
2983
3034
3082
3128
3172
3214
3254
3292
3328
3362
3394
3424
3452
3478
3502
3524
2256
2313
2370
2427
2484
2541
2598
2655
2712
2768
2823
2877
2930
2982
3033
3081
3127
3171
3213
3253
3291
3327
3361
3393
3423
3451
3477
3501
3523
3543
2312
2369
2426
2483
2540
2597
2654
2711
2767
2822
2876
2929
2981
3032
3080
3126
3170
3212
3252
3290
3326
3360
3392
3422
3450
3476
3500
3522
3542
3560
2368
2425
2482
2539
2596
2653
2710
2766
2821
2875
2928
2980
3031
3079
3125
3169
3211
3251
3289
3325
3359
3391
3421
3449
3475
3499
3521
3541
3559
3575
2424
2481
2538
2595
2652
2709
2765
2820
2874
2927
2979
3030
3078
3124
3168
3210
3250
3288
3324
3358
3390
3420
3448
3474
3498
3520
3540
3558
3574
3588
2480
2537
2594
2651
2708
2764
2819
2873
2926
2978
3029
3077
3123
3167
3209
3249
3287
3323
3357
3389
3419
3447
3473
3497
3519
3539
3557
3573
3587
3599
2536
2593
2650
2707
2763
2818
2872
2925
2977
3028
3076
3122
3166
3208
3248
3286
3322
3356
3388
3418
3446
3472
3496
3518
3538
3556
3572
3586
3598
3608
2592
2649
2706
2762
2817
2871
2924
2976
3027
3075
3121
3165
3207
3247
3285
3321
3355
3387
3417
3445
3471
3495
3517
3537
3555
3571
3585
3597
3607
3615
2648
2705
2761
2816
2870
2923
2975
3026
3074
3120
3164
3206
3246
3284
3320
3354
3386
3416
3444
3470
3494
3516
3536
3554
3570
3584
3596
3606
3614
3620
2704
2760
2815
2869
2922
2974
3025
3073
3119
3163
3205
3245
3283
3319
3353
3385
3415
3443
3469
3493
3515
3535
3553
3569
3583
3595
3605
3613
3619
3623
451
476
502
529
557
586
616
647
679
712
746
781
817
854
892
931
971
1012
1054
1097
1141
1186
1232
1279
1326
478
503
530
558
587
617
648
680
713
747
782
818
855
893
932
972
1013
1055
1098
1142
1187
1233
1280
1327
1376
506
531
559
588
618
649
681
714
748
783
819
856
894
933
973
1014
1056
1099
1143
1188
1234
1281
1328
1377
1428
535
560
589
619
650
682
715
749
784
820
857
895
934
974
1015
1057
1100
1144
1189
1235
1282
1329
1378
1429
1481
565
590
620
651
683
716
750
785
821
858
896
935
975
1016
1058
1101
1145
1190
1236
1283
1330
1379
1430
1482
1535
596
621
652
684
717
751
786
822
859
897
936
976
1017
1059
1102
1146
1191
1237
1284
1331
1380
1431
1483
1536
1590
628
653
685
718
752
787
823
860
898
937
977
1018
1060
1103
1147
1192
1238
1285
1332
1381
1432
1484
1537
1591
1646
661
686
719
753
788
824
861
899
938
978
1019
1061
1104
1148
1193
1239
1286
1333
1382
1433
1485
1538
1592
1647
1703
695
720
754
789
825
862
900
939
979
1020
1062
1105
1149
1194
1240
1287
1334
1383
1434
1486
1539
1593
1648
1704
1760
730
755
790
826
863
901
940
980
1021
1063
1106
1150
1195
1241
1288
1335
1384
1435
1487
1540
1594
1649
1705
1761
1817
766
791
827
864
902
941
981
1022
1064
1107
1151
1196
1242
1289
1336
1385
1436
1488
1541
1595
1650
1706
1762
1818
1874
803
828
865
903
942
982
1023
1065
1108
1152
1197
1243
1290
1337
1386
1437
1489
1542
1596
1651
1707
1763
1819
1875
1931
841
866
904
943
983
1024
1066
1109
1153
1198
1244
1291
1338
1387
1438
1490
1543
1597
1652
1708
1764
1820
1876
1932
1988
880
905
944
984
1025
1067
1110
1154
1199
1245
1292
1339
1388
1439
1491
1544
1598
1653
1709
1765
1821
1877
1933
1989
2045
920
945
985
1026
1068
1111
1155
1200
1246
1293
1340
1389
1440
1492
1545
1599
1654
1710
1766
1822
1878
1934
1990
2046
2102
961
986
1027
1069
1112
1156
1201
1247
1294
1341
1390
1441
1493
1546
1600
1655
1711
1767
1823
1879
1935
1991
2047
2103
2159
1003
1028
1070
1113
1157
1202
1248
1295
1342
1391
1442
1494
1547
1601
1656
1712
1768
1824
1880
1936
1992
2048
2104
2160
2216
1046
1071
1114
1158
1203
1249
1296
1343
1392
1443
1495
1548
1602
1657
1713
1769
1825
1881
1937
1993
2049
2105
2161
2217
2273
1090
1115
1159
1204
1250
1297
1344
1393
1444
1496
1549
1603
1658
1714
1770
1826
1882
1938
1994
2050
2106
2162
2218
2274
2330
1135
1160
1205
1251
1298
1345
1394
1445
1497
1550
1604
1659
1715
1771
1827
1883
1939
1995
2051
2107
2163
2219
2275
2331
2387
1181
1206
1252
1299
1346
1395
1446
1498
1551
1605
1660
1716
1772
1828
1884
1940
1996
2052
2108
2164
2220
2276
2332
2388
2444
1228
1253
1300
1347
1396
1447
1499
1552
1606
1661
1717
1773
1829
1885
1941
1997
2053
2109
2165
2221
2277
2333
2389
2445
2501
1276
1301
1348
1397
1448
1500
1553
1607
1662
1718
1774
1830
1886
1942
1998
2054
2110
2166
2222
2278
2334
2390
2446
2502
2558
1325
1349
1398
1449
1501
1554
1608
1663
1719
1775
1831
1887
1943
1999
2055
2111
2167
2223
2279
2335
2391
2447
2503
2559
2615
1374
1399
1450
1502
1555
1609
1664
1720
1776
1832
1888
1944
2000
2056
2112
2168
2224
2280
2336
2392
2448
2504
2560
2616
2672
0
2
5
9
14
20
27
35
44
54
65
77
90
104
119
135
152
170
189
209
230
252
275
299
324
1
4
8
13
19
26
34
43
53
64
76
89
103
118
134
151
169
188
208
229
251
274
298
323
349
3
7
12
18
25
33
42
52
63
75
88
102
117
133
150
168
187
207
228
250
273
297
322
348
374
6
11
17
24
32
41
51
62
74
87
101
116
132
149
167
186
206
227
249
272
296
321
347
373
399
10
16
23
31
40
50
61
73
86
100
115
131
148
166
185
205
226
248
271
295
320
346
372
398
424
15
22
30
39
49
60
72
85
99
114
130
147
165
184
204
225
247
270
294
319
345
371
397
423
449
21
29
38
48
59
71
84
98
113
129
146
164
183
203
224
246
269
293
318
344
370
396
422
448
474
28
37
47
58
70
83
97
112
128
145
163
182
202
223
245
268
292
317
343
369
395
421
447
473
500
36
46
57
69
82
96
111
127
144
162
181
201
222
244
267
291
316
342
368
394
420
446
472
499
527
45
56
68
81
95
110
126
143
161
180
200
221
243
266
290
315
341
367
393
419
445
471
498
526
555
55
67
80
94
109
125
142
160
179
199
220
242
265
289
314
340
366
392
418
444
470
497
525
554
584
66
79
93
108
124
141
159
178
198
219
241
264
288
313
339
365
391
417
443
469
496
524
553
583
614
78
92
107
123
140
158
177
197
218
240
263
287
312
338
364
390
416
442
468
495
523
552
582
613
645
91
106
122
139
157
176
196
217
239
262
286
311
337
363
389
415
441
467
494
522
551
581
612
644
677
105
121
138
156
175
195
216
238
261
285
310
336
362
388
414
440
466
493
521
550
580
611
643
676
710
120
137
155
174
194
215
237
260
284
309
335
361
387
413
439
465
492
520
549
579
610
642
675
709
744
136
154
173
193
214
236
259
283
308
334
360
386
412
438
464
491
519
548
578
609
641
674
708
743
779
153
172
192
213
235
258
282
307
333
359
385
411
437
463
490
518
547
577
608
640
673
707
742
778
815
171
191
212
234
257
281
306
332
358
384
410
436
462
489
517
546
576
607
639
672
706
741
777
814
852
190
211
233
256
280
305
331
357
383
409
435
461
488
516
545
575
606
638
671
705
740
776
813
851
890
210
232
255
279
304
330
356
382
408
434
460
487
515
544
574
605
637
670
704
739
775
812
850
889
929
231
254
278
303
329
355
381
407
433
459
486
514
543
573
604
636
669
703
738
774
811
849
888
928
969
253
277
302
328
354
380
406
432
458
485
513
542
572
603
635
668
702
737
773
810
848
887
927
968
1010
276
301
327
353
379
405
431
457
484
512
541
571
602
634
667
701
736
772
809
847
886
926
967
1009
1052
300
326
352
378
404
430
456
483
511
540
570
601
633
666
700
735
771
808
846
885
925
966
1008
1051
1095
325
351
377
403
429
455
482
510
539
569
600
632
665
699
734
770
807
845
884
924
965
1007
1050
1094
1139
350
376
402
428
454
481
509
538
568
599
631
664
698
733
769
806
844
883
923
964
1006
1049
1093
1138
1184
375
401
427
453
480
508
537
567
598
630
663
697
732
768
805
843
882
922
963
1005
1048
1092
1137
1183
1230
400
426
452
479
507
536
566
597
629
662
696
731
767
804
842
881
921
962
1004
1047
1091
1136
1182
1229
1277
425
450
475
501
528
556
585
615
646
678
711
745
780
816
853
891
930
970
1011
1053
1096
1140
1185
1231
1278
1670
1614
1559
1505
1452
1400
1350
1302
1254
1207
1161
1116
1072
1029
987
946
906
867
829
792
756
721
687
654
622
591
561
532
504
477
1727
1671
1615
1560
1506
1453
1401
1351
1303
1255
1208
1162
1117
1073
1030
988
947
907
868
830
793
757
722
688
655
623
592
562
533
505
1784
1728
1672
1616
1561
1507
1454
1402
1352
1304
1256
1209
1163
1118
1074
1031
989
948
908
869
831
794
758
723
689
656
624
593
563
534
1841
1785
1729
1673
1617
1562
1508
1455
1403
1353
1305
1257
1210
1164
1119
1075
1032
990
949
909
870
832
795
759
724
690
657
625
594
564
1898
1842
1786
1730
1674
1618
1563
1509
1456
1404
1354
1306
1258
1211
1165
1120
1076
1033
991
950
910
871
833
796
760
725
691
658
626
595
1955
1899
1843
1787
1731
1675
1619
1564
1510
1457
1405
1355
1307
1259
1212
1166
1121
1077
1034
992
951
911
872
834
797
761
726
692
659
627
2012
1956
1900
1844
1788
1732
1676
1620
1565
1511
1458
1406
1356
1308
1260
1213
1167
1122
1078
1035
993
952
912
873
835
798
762
727
693
660
2069
2013
1957
1901
1845
1789
1733
1677
1621
1566
1512
1459
1407
1357
1309
1261
1214
1168
1123
1079
1036
994
953
913
874
836
799
763
728
694
2126
2070
2014
1958
1902
1846
1790
1734
1678
1622
1567
1513
1460
1408
1358
1310
1262
1215
1169
1124
1080
1037
995
954
914
875
837
800
764
729
2183
2127
2071
2015
1959
1903
1847
1791
1735
1679
1623
1568
1514
1461
1409
1359
1311
1263
1216
1170
1125
1081
1038
996
955
915
876
838
801
765
2240
2184
2128
2072
2016
1960
1904
1848
1792
1736
1680
1624
1569
1515
1462
1410
1360
1312
1264
1217
1171
1126
1082
1039
997
956
916
877
839
802
2297
2241
2185
2129
2073
2017
1961
1905
1849
1793
1737
1681
1625
1570
1516
1463
1411
1361
1313
1265
1218
1172
1127
1083
1040
998
957
917
878
840
2354
2298
2242
2186
2130
2074
2018
1962
1906
1850
1794
1738
1682
1626
1571
1517
1464
1412
1362
1314
1266
1219
1173
1128
1084
1041
999
958
918
879
2411
2355
2299
2243
2187
2131
2075
2019
1963
1907
1851
1795
1739
1683
1627
1572
1518
1465
1413
1363
1315
1267
1220
1174
1129
1085
1042
1000
959
919
2468
2412
2356
2300
2244
2188
2132
2076
2020
1964
1908
1852
1796
1740
1684
1628
1573
1519
1466
1414
1364
1316
1268
1221
1175
1130
1086
1043
1001
960
2525
2469
2413
2357
2301
2245
2189
2133
2077
2021
1965
1909
1853
1797
1741
1685
1629
1574
1520
1467
1415
1365
1317
1269
1222
1176
1131
1087
1044
1002
2582
2526
2470
2414
2358
2302
2246
2190
2134
2078
2022
1966
1910
1854
1798
1742
1686
1630
1575
1521
1468
1416
1366
1318
1270
1223
1177
1132
1088
1045
2639
2583
2527
2471
2415
2359
2303
2247
2191
2135
2079
2023
1967
1911
1855
1799
1743
1687
1631
1576
1522
1469
1417
1367
1319
1271
1224
1178
1133
1089
2696
2640
2584
2528
2472
2416
2360
2304
2248
2192
2136
2080
2024
1968
1912
1856
1800
1744
1688
1632
1577
1523
1470
1418
1368
1320
1272
1225
1179
1134
2753
2697
2641
2585
2529
2473
2417
2361
2305
2249
2193
2137
2081
2025
1969
1913
1857
1801
1745
1689
1633
1578
1524
1471
1419
1369
1321
1273
1226
1180
2809
2754
2698
2642
2586
2530
2474
2418
2362
2306
2250
2194
2138
2082
2026
1970
1914
1858
1802
1746
1690
1634
1579
1525
1472
1420
1370
1322
1274
1227
2864
2810
2755
2699
2643
2587
2531
2475
2419
2363
2307
2251
2195
2139
2083
2027
1971
1915
1859
1803
1747
1691
1635
1580
1526
1473
1421
1371
1323
1275
2918
2865
2811
2756
2700
2644
2588
2532
2476
2420
2364
2308
2252
2196
2140
2084
2028
1972
1916
1860
1804
1748
1692
1636
1581
1527
1474
1422
1372
1324
2971
2919
2866
2812
2757
2701
2645
2589
2533
2477
2421
2365
2309
2253
2197
2141
2085
2029
1973
1917
1861
1805
1749
1693
1637
1582
1528
1475
1423
1373
3023
2972
2920
2867
2813
2758
2702
2646
2590
2534
2478
2422
2366
2310
2254
2198
2142
2086
2030
1974
1918
1862
1806
1750
1694
1638
1583
1529
1476
1424
1425
1451
1503
1556
1610
1665
1721
1777
1833
1889
1945
2001
2057
2113
2169
2225
2281
2337
2393
2449
2505
2561
2617
2673
2729
1477
1504
1557
1611
1666
1722
1778
1834
1890
1946
2002
2058
2114
2170
2226
2282
2338
2394
2450
2506
2562
2618
2674
2730
2785
1530
1558
1612
1667
1723
1779
1835
1891
1947
2003
2059
2115
2171
2227
2283
2339
2395
2451
2507
2563
2619
2675
2731
2786
2840
1584
1613
1668
1724
1780
1836
1892
1948
2004
2060
2116
2172
2228
2284
2340
2396
2452
2508
2564
2620
2676
2732
2787
2841
2894
1639
1669
1725
1781
1837
1893
1949
2005
2061
2117
2173
2229
2285
2341
2397
2453
2509
2565
2621
2677
2733
2788
2842
2895
2947
1695
1726
1782
1838
1894
1950
2006
2062
2118
2174
2230
2286
2342
2398
2454
2510
2566
2622
2678
2734
2789
2843
2896
2948
2999
1751
1783
1839
1895
1951
2007
2063
2119
2175
2231
2287
2343
2399
2455
2511
2567
2623
2679
2735
2790
2844
2897
2949
3000
3049
1807
1840
1896
1952
2008
2064
2120
2176
2232
2288
2344
2400
2456
2512
2568
2624
2680
2736
2791
2845
2898
2950
3001
3050
3096
1863
1897
1953
2009
2065
2121
2177
2233
2289
2345
2401
2457
2513
2569
2625
2681
2737
2792
2846
2899
2951
3002
3051
3097
3141
1919
1954
2010
2066
2122
2178
2234
2290
2346
2402
2458
2514
2570
2626
2682
2738
2793
2847
2900
2952
3003
3052
3098
3142
3184
1975
2011
2067
2123
2179
2235
2291
2347
2403
2459
2515
2571
2627
2683
2739
2794
2848
2901
2953
3004
3053
3099
3143
3185
3225
2031
2068
2124
2180
2236
2292
2348
2404
2460
2516
2572
2628
2684
2740
2795
2849
2902
2954
3005
3054
3100
3144
3186
3226
3264
2087
2125
2181
2237
2293
2349
2405
2461
2517
2573
2629
2685
2741
2796
2850
2903
2955
3006
3055
3101
3145
3187
3227
3265
3301
2143
2182
2238
2294
2350
2406
2462
2518
2574
2630
2686
2742
2797
2851
2904
2956
3007
3056
3102
3146
3188
3228
3266
3302
3336
2199
2239
2295
2351
2407
2463
2519
2575
2631
2687
2743
2798
2852
2905
2957
3008
3057
3103
3147
3189
3229
3267
3303
3337
3369
2255
2296
2352
2408
2464
2520
2576
2632
2688
2744
2799
2853
2906
2958
3009
3058
3104
3148
3190
3230
3268
3304
3338
3370
3400
2311
2353
2409
2465
2521
2577
2633
2689
2745
2800
2854
2907
2959
3010
3059
3105
3149
3191
3231
3269
3305
3339
3371
3401
3429
2367
2410
2466
2522
2578
2634
2690
2746
2801
2855
2908
2960
3011
3060
3106
3150
3192
3232
3270
3306
3340
3372
3402
3430
3456
2423
2467
2523
2579
2635
2691
2747
2802
2856
2909
2961
3012
3061
3107
3151
3193
3233
3271
3307
3341
3373
3403
3431
3457
3481
2479
2524
2580
2636
2692
2748
2803
2857
2910
2962
3013
3062
3108
3152
3194
3234
3272
3308
3342
3374
3404
3432
3458
3482
3504
2535
2581
2637
2693
2749
2804
2858
2911
2963
3014
3063
3109
3153
3195
3235
3273
3309
3343
3375
3405
3433
3459
3483
3505
3525
2591
2638
2694
2750
2805
2859
2912
2964
3015
3064
3110
3154
3196
3236
3274
3310
3344
3376
3406
3434
3460
3484
3506
3526
3544
2647
2695
2751
2806
2860
2913
2965
3016
3065
3111
3155
3197
3237
3275
3311
3345
3377
3407
3435
3461
3485
3507
3527
3545
3561
2703
2752
2807
2861
2914
2966
3017
3066
3112
3156
3198
3238
3276
3312
3346
3378
3408
3436
3462
3486
3508
3528
3546
3562
3576
2759
2808
2862
2915
2967
3018
3067
3113
3157
3199
3239
3277
3313
3347
3379
3409
3437
3463
3487
3509
3529
3547
3563
3577
3589
2814
2863
2916
2968
3019
3068
3114
3158
3200
3240
3278
3314
3348
3380
3410
3438
3464
3488
3510
3530
3548
3564
3578
3590
3600
2868
2917
2969
3020
3069
3115
3159
3201
3241
3279
3315
3349
3381
3411
3439
3465
3489
3511
3531
3549
3565
3579
3591
3601
3609
2921
2970
3021
3070
3116
3160
3202
3242
3280
3316
3350
3382
3412
3440
3466
3490
3512
3532
3550
3566
3580
3592
3602
3610
3616
2973
3022
3071
3117
3161
3203
3243
3281
3317
3351
3383
3413
3441
3467
3491
3513
3533
3551
3567
3581
3593
3603
3611
3617
3621
3024
3072
3118
3162
3204
3244
3282
3318
3352
3384
3414
3442
3468
3492
3514
3534
3552
3568
3582
3594
3604
3612
3618
3622
3624
1375
1427
1480
1534
1589
1645
1702
1759
1816
1873
1930
1987
2044
2101
2158
2215
2272
2329
2386
2443
2500
2557
2614
2671
2728
2784
2839
2893
2946
2998
1426
1479
1533
1588
1644
1701
1758
1815
1872
1929
1986
2043
2100
2157
2214
2271
2328
2385
2442
2499
2556
2613
2670
2727
2783
2838
2892
2945
2997
3048
1478
1532
1587
1643
1700
1757
1814
1871
1928
1985
2042
2099
2156
2213
2270
2327
2384
2441
2498
2555
2612
2669
2726
2782
2837
2891
2944
2996
3047
3095
1531
1586
1642
1699
1756
1813
1870
1927
1984
2041
2098
2155
2212
2269
2326
2383
2440
2497
2554
2611
2668
2725
2781
2836
2890
2943
2995
3046
3094
3140
1585
1641
1698
1755
1812
1869
1926
1983
2040
2097
2154
2211
2268
2325
2382
2439
2496
2553
2610
2667
2724
2780
2835
2889
2942
2994
3045
3093
3139
3183
1640
1697
1754
1811
1868
1925
1982
2039
2096
2153
2210
2267
2324
2381
2438
2495
2552
2609
2666
2723
2779
2834
2888
2941
2993
3044
3092
3138
3182
3224
1696
1753
1810
1867
1924
1981
2038
2095
2152
2209
2266
2323
2380
2437
2494
2551
2608
2665
2722
2778
2833
2887
2940
2992
3043
3091
3137
3181
3223
3263
1752
1809
1866
1923
1980
2037
2094
2151
2208
2265
2322
2379
2436
2493
2550
2607
2664
2721
2777
2832
2886
2939
2991
3042
3090
3136
3180
3222
3262
3300
1808
1865
1922
1979
2036
2093
2150
2207
2264
2321
2378
2435
2492
2549
2606
2663
2720
2776
2831
2885
2938
2990
3041
3089
3135
3179
3221
3261
3299
3335
1864
1921
1978
2035
2092
2149
2206
2263
2320
2377
2434
2491
2548
2605
2662
2719
2775
2830
2884
2937
2989
3040
3088
3134
3178
3220
3260
3298
3334
3368
1920
1977
2034
2091
2148
2205
2262
2319
2376
2433
2490
2547
2604
2661
2718
2774
2829
2883
2936
2988
3039
3087
3133
3177
3219
3259
3297
3333
3367
3399
1976
2033
2090
2147
2204
2261
2318
2375
2432
2489
2546
2603
2660
2717
2773
2828
2882
2935
2987
3038
3086
3132
3176
3218
3258
3296
3332
3366
3398
3428
2032
2089
2146
2203
2260
2317
2374
2431
2488
2545
2602
2659
2716
2772
2827
2881
2934
2986
3037
3085
3131
3175
3217
3257
3295
3331
3365
3397
3427
3455
2088
2145
2202
2259
2316
2373
2430
2487
2544
2601
2658
2715
2771
2826
2880
2933
2985
3036
3084
3130
3174
3216
3256
3294
3330
3364
3396
3426
3454
3480
2144
2201
2258
2315
2372
2429
2486
2543
2600
2657
2714
2770
2825
2879
2932
2984
3035
3083
3129
3173
3215
3255
3293
3329
3363
3395
3425
3453
3479
3503
2200
2257
2314
2371
2428
2485
2542
2599
2656
2713
2769
2824
2878
2931
2983
3034
3082
3128
3172
3214
3254
3292
3328
3362
3394
3424
3452
3478
3502
3524
2256
2313
2370
2427
2484
2541
2598
2655
2712
2768
2823
2877
2930
2982
3033
3081
3127
3171
3213
3253
3291
3327
3361
3393
3423
3451
3477
3501
3523
3543
2312
2369
2426
2483
2540
2597
2654
2711
2767
2822
2876
2929
2981
3032
3080
3126
3170
3212
3252
3290
3326
3360
3392
3422
3450
3476
3500
3522
3542
3560
2368
2425
2482
2539
2596
2653
2710
2766
2821
2875
2928
2980
3031
3079
3125
3169
3211
3251
3289
3325
3359
3391
3421
3449
3475
3499
3521
3541
3559
3575
2424
2481
2538
2595
2652
2709
2765
2820
2874
2927
2979
3030
3078
3124
3168
3210
3250
3288
3324
3358
3390
3420
3448
3474
3498
3520
3540
3558
3574
3588
2480
2537
2594
2651
2708
2764
2819
2873
2926
2978
3029
3077
3123
3167
3209
3249
3287
3323
3357
3389
3419
3447
3473
3497
3519
3539
3557
3573
3587
3599
2536
2593
2650
2707
2763
2818
2872
2925
2977
3028
3076
3122
3166
3208
3248
3286
3322
3356
3388
3418
3446
3472
3496
3518
3538
3556
3572
3586
3598
3608
2592
2649
2706
2762
2817
2871
2924
2976
3027
3075
3121
3165
3207
3247
3285
3321
3355
3387
3417
3445
3471
3495
3517
3537
3555
3571
3585
3597
3607
3615
2648
2705
2761
2816
2870
2923
2975
3026
3074
3120
3164
3206
3246
3284
3320
3354
3386
3416
3444
3470
3494
3516
3536
3554
3570
3584
3596
3606
3614
3620
2704
2760
2815
2869
2922
2974
3025
3073
3119
3163
3205
3245
3283
3319
3353
3385
3415
3443
3469
3493
3515
3535
3553
3569
3583
3595
3605
3613
3619
3623
451
476
502
529
557
586
616
647
679
712
746
781
817
854
892
931
971
1012
1054
1097
1141
1186
1232
1279
1326
478
503
530
558
587
617
648
680
713
747
782
818
855
893
932
972
1013
1055
1098
1142
1187
1233
1280
1327
1376
506
531
559
588
618
649
681
714
748
783
819
856
894
933
973
1014
1056
1099
1143
1188
1234
1281
1328
1377
1428
535
560
589
619
650
682
715
749
784
820
857
895
934
974
1015
1057
1100
1144
1189
1235
1282
1329
1378
1429
1481
565
590
620
651
683
716
750
785
821
858
896
935
975
1016
1058
1101
1145
1190
1236
1283
1330
1379
1430
1482
1535
596
621
652
684
717
751
786
822
859
897
936
976
1017
1059
1102
1146
1191
1237
1284
1331
1380
1431
1483
1536
1590
628
653
685
718
752
787
823
860
898
937
977
1018
1060
1103
1147
1192
1238
1285
1332
1381
1432
1484
1537
1591
1646
661
686
719
753
788
824
861
899
938
978
1019
1061
1104
1148
1193
1239
1286
1333
1382
1433
1485
1538
1592
1647
1703
695
720
754
789
825
862
900
939
979
1020
1062
1105
1149
1194
1240
1287
1334
1383
1434
1486
1539
1593
1648
1704
1760
730
755
790
826
863
901
940
980
1021
1063
1106
1150
1195
1241
1288
1335
1384
1435
1487
1540
1594
1649
1705
1761
1817
766
791
827
864
902
941
981
1022
1064
1107
1151
1196
1242
1289
1336
1385
1436
1488
1541
1595
1650
1706
1762
1818
1874
803
828
865
903
942
982
1023
1065
1108
1152
1197
1243
1290
1337
1386
1437
1489
1542
1596
1651
1707
1763
1819
1875
1931
841
866
904
943
983
1024
1066
1109
1153
1198
1244
1291
1338
1387
1438
1490
1543
1597
1652
1708
1764
1820
1876
1932
1988
880
905
944
984
1025
1067
1110
1154
1199
1245
1292
1339
1388
1439
1491
1544
1598
1653
1709
1765
1821
1877
1933
1989
2045
920
945
985
1026
1068
1111
1155
1200
1246
1293
1340
1389
1440
1492
1545
1599
1654
1710
1766
1822
1878
1934
1990
2046
2102
961
986
1027
1069
1112
1156
1201
1247
1294
1341
1390
1441
1493
1546
1600
1655
1711
1767
1823
1879
1935
1991
2047
2103
2159
1003
1028
1070
1113
1157
1202
1248
1295
1342
1391
1442
1494
1547
1601
1656
1712
1768
1824
1880
1936
1992
2048
2104
2160
2216
1046
1071
1114
1158
1203
1249
1296
1343
1392
1443
1495
1548
1602
1657
1713
1769
1825
1881
1937
1993
2049
2105
2161
2217
2273
1090
1115
1159
1204
1250
1297
1344
1393
1444
1496
1549
1603
1658
1714
1770
1826
1882
1938
1994
2050
2106
2162
2218
2274
2330
1135
1160
1205
1251
1298
1345
1394
1445
1497
1550
1604
1659
1715
1771
1827
1883
1939
1995
2051
2107
2163
2219
2275
2331
2387
1181
1206
1252
1299
1346
1395
1446
1498
1551
1605
1660
1716
1772
1828
1884
1940
1996
2052
2108
2164
2220
2276
2332
2388
2444
1228
1253
1300
1347
1396
1447
1499
1552
1606
1661
1717
1773
1829
1885
1941
1997
2053
2109
2165
2221
2277
2333
2389
2445
2501
1276
1301
1348
1397
1448
1500
1553
1607
1662
1718
1774
1830
1886
1942
1998
2054
2110
2166
2222
2278
2334
2390
2446
2502
2558
1325
1349
1398
1449
1501
1554
1608
1663
1719
1775
1831
1887
1943
1999
2055
2111
2167
2223
2279
2335
2391
2447
2503
2559
2615
1374
1399
1450
1502
1555
1609
1664
1720
1776
1832
1888
1944
2000
2056
2112
2168
2224
2280
2336
2392
2448
2504
2560
2616
2672
)


// ************************************************************************* //
