/*--------------------------------*- C++ -*----------------------------------*\
  =========                 |
  \\      /  F ield         | OpenFOAM: The Open Source CFD Toolbox
   \\    /   O peration     | Website:  https://openfoam.org
    \\  /    A nd           | Version:  7
     \\/     M anipulation  |
\*---------------------------------------------------------------------------*/
FoamFile
{
    version     2.0;
    format      ascii;
    class       labelList;
    note        "nPoints: 7592 nCells: 3625 nFaces: 14670 nInternalFaces: 7080";
    location    "constant/polyMesh";
    object      neighbour;
}
// * * * * * * * * * * * * * * * * * * * * * * * * * * * * * * * * * * * * * //


7080
(
1
30
2
31
3
32
4
33
5
34
6
35
7
36
8
37
9
38
10
39
11
40
12
41
13
42
14
43
15
44
16
45
17
46
18
47
19
48
20
49
21
50
22
51
23
52
24
53
25
54
26
55
27
56
28
57
29
58
59
3000
31
60
32
61
33
62
34
63
35
64
36
65
37
66
38
67
39
68
40
69
41
70
42
71
43
72
44
73
45
74
46
75
47
76
48
77
49
78
50
79
51
80
52
81
53
82
54
83
55
84
56
85
57
86
58
87
59
88
89
3025
61
90
62
91
63
92
64
93
65
94
66
95
67
96
68
97
69
98
70
99
71
100
72
101
73
102
74
103
75
104
76
105
77
106
78
107
79
108
80
109
81
110
82
111
83
112
84
113
85
114
86
115
87
116
88
117
89
118
119
3050
91
120
92
121
93
122
94
123
95
124
96
125
97
126
98
127
99
128
100
129
101
130
102
131
103
132
104
133
105
134
106
135
107
136
108
137
109
138
110
139
111
140
112
141
113
142
114
143
115
144
116
145
117
146
118
147
119
148
149
3075
121
150
122
151
123
152
124
153
125
154
126
155
127
156
128
157
129
158
130
159
131
160
132
161
133
162
134
163
135
164
136
165
137
166
138
167
139
168
140
169
141
170
142
171
143
172
144
173
145
174
146
175
147
176
148
177
149
178
179
3100
151
180
152
181
153
182
154
183
155
184
156
185
157
186
158
187
159
188
160
189
161
190
162
191
163
192
164
193
165
194
166
195
167
196
168
197
169
198
170
199
171
200
172
201
173
202
174
203
175
204
176
205
177
206
178
207
179
208
209
3125
181
210
182
211
183
212
184
213
185
214
186
215
187
216
188
217
189
218
190
219
191
220
192
221
193
222
194
223
195
224
196
225
197
226
198
227
199
228
200
229
201
230
202
231
203
232
204
233
205
234
206
235
207
236
208
237
209
238
239
3150
211
240
212
241
213
242
214
243
215
244
216
245
217
246
218
247
219
248
220
249
221
250
222
251
223
252
224
253
225
254
226
255
227
256
228
257
229
258
230
259
231
260
232
261
233
262
234
263
235
264
236
265
237
266
238
267
239
268
269
3175
241
270
242
271
243
272
244
273
245
274
246
275
247
276
248
277
249
278
250
279
251
280
252
281
253
282
254
283
255
284
256
285
257
286
258
287
259
288
260
289
261
290
262
291
263
292
264
293
265
294
266
295
267
296
268
297
269
298
299
3200
271
300
272
301
273
302
274
303
275
304
276
305
277
306
278
307
279
308
280
309
281
310
282
311
283
312
284
313
285
314
286
315
287
316
288
317
289
318
290
319
291
320
292
321
293
322
294
323
295
324
296
325
297
326
298
327
299
328
329
3225
301
330
302
331
303
332
304
333
305
334
306
335
307
336
308
337
309
338
310
339
311
340
312
341
313
342
314
343
315
344
316
345
317
346
318
347
319
348
320
349
321
350
322
351
323
352
324
353
325
354
326
355
327
356
328
357
329
358
359
3250
331
360
332
361
333
362
334
363
335
364
336
365
337
366
338
367
339
368
340
369
341
370
342
371
343
372
344
373
345
374
346
375
347
376
348
377
349
378
350
379
351
380
352
381
353
382
354
383
355
384
356
385
357
386
358
387
359
388
389
3275
361
390
362
391
363
392
364
393
365
394
366
395
367
396
368
397
369
398
370
399
371
400
372
401
373
402
374
403
375
404
376
405
377
406
378
407
379
408
380
409
381
410
382
411
383
412
384
413
385
414
386
415
387
416
388
417
389
418
419
3300
391
420
392
421
393
422
394
423
395
424
396
425
397
426
398
427
399
428
400
429
401
430
402
431
403
432
404
433
405
434
406
435
407
436
408
437
409
438
410
439
411
440
412
441
413
442
414
443
415
444
416
445
417
446
418
447
419
448
449
3325
421
450
422
451
423
452
424
453
425
454
426
455
427
456
428
457
429
458
430
459
431
460
432
461
433
462
434
463
435
464
436
465
437
466
438
467
439
468
440
469
441
470
442
471
443
472
444
473
445
474
446
475
447
476
448
477
449
478
479
3350
451
480
452
481
453
482
454
483
455
484
456
485
457
486
458
487
459
488
460
489
461
490
462
491
463
492
464
493
465
494
466
495
467
496
468
497
469
498
470
499
471
500
472
501
473
502
474
503
475
504
476
505
477
506
478
507
479
508
509
3375
481
510
482
511
483
512
484
513
485
514
486
515
487
516
488
517
489
518
490
519
491
520
492
521
493
522
494
523
495
524
496
525
497
526
498
527
499
528
500
529
501
530
502
531
503
532
504
533
505
534
506
535
507
536
508
537
509
538
539
3400
511
540
512
541
513
542
514
543
515
544
516
545
517
546
518
547
519
548
520
549
521
550
522
551
523
552
524
553
525
554
526
555
527
556
528
557
529
558
530
559
531
560
532
561
533
562
534
563
535
564
536
565
537
566
538
567
539
568
569
3425
541
570
542
571
543
572
544
573
545
574
546
575
547
576
548
577
549
578
550
579
551
580
552
581
553
582
554
583
555
584
556
585
557
586
558
587
559
588
560
589
561
590
562
591
563
592
564
593
565
594
566
595
567
596
568
597
569
598
599
3450
571
600
572
601
573
602
574
603
575
604
576
605
577
606
578
607
579
608
580
609
581
610
582
611
583
612
584
613
585
614
586
615
587
616
588
617
589
618
590
619
591
620
592
621
593
622
594
623
595
624
596
625
597
626
598
627
599
628
629
3475
601
630
602
631
603
632
604
633
605
634
606
635
607
636
608
637
609
638
610
639
611
640
612
641
613
642
614
643
615
644
616
645
617
646
618
647
619
648
620
649
621
650
622
651
623
652
624
653
625
654
626
655
627
656
628
657
629
658
659
3500
631
660
632
661
633
662
634
663
635
664
636
665
637
666
638
667
639
668
640
669
641
670
642
671
643
672
644
673
645
674
646
675
647
676
648
677
649
678
650
679
651
680
652
681
653
682
654
683
655
684
656
685
657
686
658
687
659
688
689
3525
661
690
662
691
663
692
664
693
665
694
666
695
667
696
668
697
669
698
670
699
671
700
672
701
673
702
674
703
675
704
676
705
677
706
678
707
679
708
680
709
681
710
682
711
683
712
684
713
685
714
686
715
687
716
688
717
689
718
719
3550
691
720
692
721
693
722
694
723
695
724
696
725
697
726
698
727
699
728
700
729
701
730
702
731
703
732
704
733
705
734
706
735
707
736
708
737
709
738
710
739
711
740
712
741
713
742
714
743
715
744
716
745
717
746
718
747
719
748
749
3575
721
722
723
724
725
726
727
728
729
730
731
732
733
734
735
736
737
738
739
740
741
742
743
744
745
746
747
748
749
3600
751
775
752
776
753
777
754
778
755
779
756
780
757
781
758
782
759
783
760
784
761
785
762
786
763
787
764
788
765
789
766
790
767
791
768
792
769
793
770
794
771
795
772
796
773
797
774
798
799
776
800
777
801
778
802
779
803
780
804
781
805
782
806
783
807
784
808
785
809
786
810
787
811
788
812
789
813
790
814
791
815
792
816
793
817
794
818
795
819
796
820
797
821
798
822
799
823
824
801
825
802
826
803
827
804
828
805
829
806
830
807
831
808
832
809
833
810
834
811
835
812
836
813
837
814
838
815
839
816
840
817
841
818
842
819
843
820
844
821
845
822
846
823
847
824
848
849
826
850
827
851
828
852
829
853
830
854
831
855
832
856
833
857
834
858
835
859
836
860
837
861
838
862
839
863
840
864
841
865
842
866
843
867
844
868
845
869
846
870
847
871
848
872
849
873
874
851
875
852
876
853
877
854
878
855
879
856
880
857
881
858
882
859
883
860
884
861
885
862
886
863
887
864
888
865
889
866
890
867
891
868
892
869
893
870
894
871
895
872
896
873
897
874
898
899
876
900
877
901
878
902
879
903
880
904
881
905
882
906
883
907
884
908
885
909
886
910
887
911
888
912
889
913
890
914
891
915
892
916
893
917
894
918
895
919
896
920
897
921
898
922
899
923
924
901
925
902
926
903
927
904
928
905
929
906
930
907
931
908
932
909
933
910
934
911
935
912
936
913
937
914
938
915
939
916
940
917
941
918
942
919
943
920
944
921
945
922
946
923
947
924
948
949
926
950
927
951
928
952
929
953
930
954
931
955
932
956
933
957
934
958
935
959
936
960
937
961
938
962
939
963
940
964
941
965
942
966
943
967
944
968
945
969
946
970
947
971
948
972
949
973
974
951
975
952
976
953
977
954
978
955
979
956
980
957
981
958
982
959
983
960
984
961
985
962
986
963
987
964
988
965
989
966
990
967
991
968
992
969
993
970
994
971
995
972
996
973
997
974
998
999
976
1000
977
1001
978
1002
979
1003
980
1004
981
1005
982
1006
983
1007
984
1008
985
1009
986
1010
987
1011
988
1012
989
1013
990
1014
991
1015
992
1016
993
1017
994
1018
995
1019
996
1020
997
1021
998
1022
999
1023
1024
1001
1025
1002
1026
1003
1027
1004
1028
1005
1029
1006
1030
1007
1031
1008
1032
1009
1033
1010
1034
1011
1035
1012
1036
1013
1037
1014
1038
1015
1039
1016
1040
1017
1041
1018
1042
1019
1043
1020
1044
1021
1045
1022
1046
1023
1047
1024
1048
1049
1026
1050
1027
1051
1028
1052
1029
1053
1030
1054
1031
1055
1032
1056
1033
1057
1034
1058
1035
1059
1036
1060
1037
1061
1038
1062
1039
1063
1040
1064
1041
1065
1042
1066
1043
1067
1044
1068
1045
1069
1046
1070
1047
1071
1048
1072
1049
1073
1074
1051
1075
1052
1076
1053
1077
1054
1078
1055
1079
1056
1080
1057
1081
1058
1082
1059
1083
1060
1084
1061
1085
1062
1086
1063
1087
1064
1088
1065
1089
1066
1090
1067
1091
1068
1092
1069
1093
1070
1094
1071
1095
1072
1096
1073
1097
1074
1098
1099
1076
1100
1077
1101
1078
1102
1079
1103
1080
1104
1081
1105
1082
1106
1083
1107
1084
1108
1085
1109
1086
1110
1087
1111
1088
1112
1089
1113
1090
1114
1091
1115
1092
1116
1093
1117
1094
1118
1095
1119
1096
1120
1097
1121
1098
1122
1099
1123
1124
1101
1125
1102
1126
1103
1127
1104
1128
1105
1129
1106
1130
1107
1131
1108
1132
1109
1133
1110
1134
1111
1135
1112
1136
1113
1137
1114
1138
1115
1139
1116
1140
1117
1141
1118
1142
1119
1143
1120
1144
1121
1145
1122
1146
1123
1147
1124
1148
1149
1126
1150
1127
1151
1128
1152
1129
1153
1130
1154
1131
1155
1132
1156
1133
1157
1134
1158
1135
1159
1136
1160
1137
1161
1138
1162
1139
1163
1140
1164
1141
1165
1142
1166
1143
1167
1144
1168
1145
1169
1146
1170
1147
1171
1148
1172
1149
1173
1174
1151
1175
1152
1176
1153
1177
1154
1178
1155
1179
1156
1180
1157
1181
1158
1182
1159
1183
1160
1184
1161
1185
1162
1186
1163
1187
1164
1188
1165
1189
1166
1190
1167
1191
1168
1192
1169
1193
1170
1194
1171
1195
1172
1196
1173
1197
1174
1198
1199
1176
1200
1177
1201
1178
1202
1179
1203
1180
1204
1181
1205
1182
1206
1183
1207
1184
1208
1185
1209
1186
1210
1187
1211
1188
1212
1189
1213
1190
1214
1191
1215
1192
1216
1193
1217
1194
1218
1195
1219
1196
1220
1197
1221
1198
1222
1199
1223
1224
1201
1225
1202
1226
1203
1227
1204
1228
1205
1229
1206
1230
1207
1231
1208
1232
1209
1233
1210
1234
1211
1235
1212
1236
1213
1237
1214
1238
1215
1239
1216
1240
1217
1241
1218
1242
1219
1243
1220
1244
1221
1245
1222
1246
1223
1247
1224
1248
1249
1226
1250
1227
1251
1228
1252
1229
1253
1230
1254
1231
1255
1232
1256
1233
1257
1234
1258
1235
1259
1236
1260
1237
1261
1238
1262
1239
1263
1240
1264
1241
1265
1242
1266
1243
1267
1244
1268
1245
1269
1246
1270
1247
1271
1248
1272
1249
1273
1274
1251
1275
1252
1276
1253
1277
1254
1278
1255
1279
1256
1280
1257
1281
1258
1282
1259
1283
1260
1284
1261
1285
1262
1286
1263
1287
1264
1288
1265
1289
1266
1290
1267
1291
1268
1292
1269
1293
1270
1294
1271
1295
1272
1296
1273
1297
1274
1298
1299
1276
1300
1277
1301
1278
1302
1279
1303
1280
1304
1281
1305
1282
1306
1283
1307
1284
1308
1285
1309
1286
1310
1287
1311
1288
1312
1289
1313
1290
1314
1291
1315
1292
1316
1293
1317
1294
1318
1295
1319
1296
1320
1297
1321
1298
1322
1299
1323
1324
1301
1325
1302
1326
1303
1327
1304
1328
1305
1329
1306
1330
1307
1331
1308
1332
1309
1333
1310
1334
1311
1335
1312
1336
1313
1337
1314
1338
1315
1339
1316
1340
1317
1341
1318
1342
1319
1343
1320
1344
1321
1345
1322
1346
1323
1347
1324
1348
1349
1326
1350
1327
1351
1328
1352
1329
1353
1330
1354
1331
1355
1332
1356
1333
1357
1334
1358
1335
1359
1336
1360
1337
1361
1338
1362
1339
1363
1340
1364
1341
1365
1342
1366
1343
1367
1344
1368
1345
1369
1346
1370
1347
1371
1348
1372
1349
1373
1374
1351
1375
1352
1376
1353
1377
1354
1378
1355
1379
1356
1380
1357
1381
1358
1382
1359
1383
1360
1384
1361
1385
1362
1386
1363
1387
1364
1388
1365
1389
1366
1390
1367
1391
1368
1392
1369
1393
1370
1394
1371
1395
1372
1396
1373
1397
1374
1398
1399
1376
1400
1377
1401
1378
1402
1379
1403
1380
1404
1381
1405
1382
1406
1383
1407
1384
1408
1385
1409
1386
1410
1387
1411
1388
1412
1389
1413
1390
1414
1391
1415
1392
1416
1393
1417
1394
1418
1395
1419
1396
1420
1397
1421
1398
1422
1399
1423
1424
1401
1425
1402
1426
1403
1427
1404
1428
1405
1429
1406
1430
1407
1431
1408
1432
1409
1433
1410
1434
1411
1435
1412
1436
1413
1437
1414
1438
1415
1439
1416
1440
1417
1441
1418
1442
1419
1443
1420
1444
1421
1445
1422
1446
1423
1447
1424
1448
1449
1426
1450
1427
1451
1428
1452
1429
1453
1430
1454
1431
1455
1432
1456
1433
1457
1434
1458
1435
1459
1436
1460
1437
1461
1438
1462
1439
1463
1440
1464
1441
1465
1442
1466
1443
1467
1444
1468
1445
1469
1446
1470
1447
1471
1448
1472
1449
1473
1474
1451
1475
1452
1476
1453
1477
1454
1478
1455
1479
1456
1480
1457
1481
1458
1482
1459
1483
1460
1484
1461
1485
1462
1486
1463
1487
1464
1488
1465
1489
1466
1490
1467
1491
1468
1492
1469
1493
1470
1494
1471
1495
1472
1496
1473
1497
1474
1498
1499
1476
3000
1477
3001
1478
3002
1479
3003
1480
3004
1481
3005
1482
3006
1483
3007
1484
3008
1485
3009
1486
3010
1487
3011
1488
3012
1489
3013
1490
3014
1491
3015
1492
3016
1493
3017
1494
3018
1495
3019
1496
3020
1497
3021
1498
3022
1499
3023
3024
1501
1530
3024
1502
1531
1503
1532
1504
1533
1505
1534
1506
1535
1507
1536
1508
1537
1509
1538
1510
1539
1511
1540
1512
1541
1513
1542
1514
1543
1515
1544
1516
1545
1517
1546
1518
1547
1519
1548
1520
1549
1521
1550
1522
1551
1523
1552
1524
1553
1525
1554
1526
1555
1527
1556
1528
1557
1529
1558
1559
1531
1560
3049
1532
1561
1533
1562
1534
1563
1535
1564
1536
1565
1537
1566
1538
1567
1539
1568
1540
1569
1541
1570
1542
1571
1543
1572
1544
1573
1545
1574
1546
1575
1547
1576
1548
1577
1549
1578
1550
1579
1551
1580
1552
1581
1553
1582
1554
1583
1555
1584
1556
1585
1557
1586
1558
1587
1559
1588
1589
1561
1590
3074
1562
1591
1563
1592
1564
1593
1565
1594
1566
1595
1567
1596
1568
1597
1569
1598
1570
1599
1571
1600
1572
1601
1573
1602
1574
1603
1575
1604
1576
1605
1577
1606
1578
1607
1579
1608
1580
1609
1581
1610
1582
1611
1583
1612
1584
1613
1585
1614
1586
1615
1587
1616
1588
1617
1589
1618
1619
1591
1620
3099
1592
1621
1593
1622
1594
1623
1595
1624
1596
1625
1597
1626
1598
1627
1599
1628
1600
1629
1601
1630
1602
1631
1603
1632
1604
1633
1605
1634
1606
1635
1607
1636
1608
1637
1609
1638
1610
1639
1611
1640
1612
1641
1613
1642
1614
1643
1615
1644
1616
1645
1617
1646
1618
1647
1619
1648
1649
1621
1650
3124
1622
1651
1623
1652
1624
1653
1625
1654
1626
1655
1627
1656
1628
1657
1629
1658
1630
1659
1631
1660
1632
1661
1633
1662
1634
1663
1635
1664
1636
1665
1637
1666
1638
1667
1639
1668
1640
1669
1641
1670
1642
1671
1643
1672
1644
1673
1645
1674
1646
1675
1647
1676
1648
1677
1649
1678
1679
1651
1680
3149
1652
1681
1653
1682
1654
1683
1655
1684
1656
1685
1657
1686
1658
1687
1659
1688
1660
1689
1661
1690
1662
1691
1663
1692
1664
1693
1665
1694
1666
1695
1667
1696
1668
1697
1669
1698
1670
1699
1671
1700
1672
1701
1673
1702
1674
1703
1675
1704
1676
1705
1677
1706
1678
1707
1679
1708
1709
1681
1710
3174
1682
1711
1683
1712
1684
1713
1685
1714
1686
1715
1687
1716
1688
1717
1689
1718
1690
1719
1691
1720
1692
1721
1693
1722
1694
1723
1695
1724
1696
1725
1697
1726
1698
1727
1699
1728
1700
1729
1701
1730
1702
1731
1703
1732
1704
1733
1705
1734
1706
1735
1707
1736
1708
1737
1709
1738
1739
1711
1740
3199
1712
1741
1713
1742
1714
1743
1715
1744
1716
1745
1717
1746
1718
1747
1719
1748
1720
1749
1721
1750
1722
1751
1723
1752
1724
1753
1725
1754
1726
1755
1727
1756
1728
1757
1729
1758
1730
1759
1731
1760
1732
1761
1733
1762
1734
1763
1735
1764
1736
1765
1737
1766
1738
1767
1739
1768
1769
1741
1770
3224
1742
1771
1743
1772
1744
1773
1745
1774
1746
1775
1747
1776
1748
1777
1749
1778
1750
1779
1751
1780
1752
1781
1753
1782
1754
1783
1755
1784
1756
1785
1757
1786
1758
1787
1759
1788
1760
1789
1761
1790
1762
1791
1763
1792
1764
1793
1765
1794
1766
1795
1767
1796
1768
1797
1769
1798
1799
1771
1800
3249
1772
1801
1773
1802
1774
1803
1775
1804
1776
1805
1777
1806
1778
1807
1779
1808
1780
1809
1781
1810
1782
1811
1783
1812
1784
1813
1785
1814
1786
1815
1787
1816
1788
1817
1789
1818
1790
1819
1791
1820
1792
1821
1793
1822
1794
1823
1795
1824
1796
1825
1797
1826
1798
1827
1799
1828
1829
1801
1830
3274
1802
1831
1803
1832
1804
1833
1805
1834
1806
1835
1807
1836
1808
1837
1809
1838
1810
1839
1811
1840
1812
1841
1813
1842
1814
1843
1815
1844
1816
1845
1817
1846
1818
1847
1819
1848
1820
1849
1821
1850
1822
1851
1823
1852
1824
1853
1825
1854
1826
1855
1827
1856
1828
1857
1829
1858
1859
1831
1860
3299
1832
1861
1833
1862
1834
1863
1835
1864
1836
1865
1837
1866
1838
1867
1839
1868
1840
1869
1841
1870
1842
1871
1843
1872
1844
1873
1845
1874
1846
1875
1847
1876
1848
1877
1849
1878
1850
1879
1851
1880
1852
1881
1853
1882
1854
1883
1855
1884
1856
1885
1857
1886
1858
1887
1859
1888
1889
1861
1890
3324
1862
1891
1863
1892
1864
1893
1865
1894
1866
1895
1867
1896
1868
1897
1869
1898
1870
1899
1871
1900
1872
1901
1873
1902
1874
1903
1875
1904
1876
1905
1877
1906
1878
1907
1879
1908
1880
1909
1881
1910
1882
1911
1883
1912
1884
1913
1885
1914
1886
1915
1887
1916
1888
1917
1889
1918
1919
1891
1920
3349
1892
1921
1893
1922
1894
1923
1895
1924
1896
1925
1897
1926
1898
1927
1899
1928
1900
1929
1901
1930
1902
1931
1903
1932
1904
1933
1905
1934
1906
1935
1907
1936
1908
1937
1909
1938
1910
1939
1911
1940
1912
1941
1913
1942
1914
1943
1915
1944
1916
1945
1917
1946
1918
1947
1919
1948
1949
1921
1950
3374
1922
1951
1923
1952
1924
1953
1925
1954
1926
1955
1927
1956
1928
1957
1929
1958
1930
1959
1931
1960
1932
1961
1933
1962
1934
1963
1935
1964
1936
1965
1937
1966
1938
1967
1939
1968
1940
1969
1941
1970
1942
1971
1943
1972
1944
1973
1945
1974
1946
1975
1947
1976
1948
1977
1949
1978
1979
1951
1980
3399
1952
1981
1953
1982
1954
1983
1955
1984
1956
1985
1957
1986
1958
1987
1959
1988
1960
1989
1961
1990
1962
1991
1963
1992
1964
1993
1965
1994
1966
1995
1967
1996
1968
1997
1969
1998
1970
1999
1971
2000
1972
2001
1973
2002
1974
2003
1975
2004
1976
2005
1977
2006
1978
2007
1979
2008
2009
1981
2010
3424
1982
2011
1983
2012
1984
2013
1985
2014
1986
2015
1987
2016
1988
2017
1989
2018
1990
2019
1991
2020
1992
2021
1993
2022
1994
2023
1995
2024
1996
2025
1997
2026
1998
2027
1999
2028
2000
2029
2001
2030
2002
2031
2003
2032
2004
2033
2005
2034
2006
2035
2007
2036
2008
2037
2009
2038
2039
2011
2040
3449
2012
2041
2013
2042
2014
2043
2015
2044
2016
2045
2017
2046
2018
2047
2019
2048
2020
2049
2021
2050
2022
2051
2023
2052
2024
2053
2025
2054
2026
2055
2027
2056
2028
2057
2029
2058
2030
2059
2031
2060
2032
2061
2033
2062
2034
2063
2035
2064
2036
2065
2037
2066
2038
2067
2039
2068
2069
2041
2070
3474
2042
2071
2043
2072
2044
2073
2045
2074
2046
2075
2047
2076
2048
2077
2049
2078
2050
2079
2051
2080
2052
2081
2053
2082
2054
2083
2055
2084
2056
2085
2057
2086
2058
2087
2059
2088
2060
2089
2061
2090
2062
2091
2063
2092
2064
2093
2065
2094
2066
2095
2067
2096
2068
2097
2069
2098
2099
2071
2100
3499
2072
2101
2073
2102
2074
2103
2075
2104
2076
2105
2077
2106
2078
2107
2079
2108
2080
2109
2081
2110
2082
2111
2083
2112
2084
2113
2085
2114
2086
2115
2087
2116
2088
2117
2089
2118
2090
2119
2091
2120
2092
2121
2093
2122
2094
2123
2095
2124
2096
2125
2097
2126
2098
2127
2099
2128
2129
2101
2130
3524
2102
2131
2103
2132
2104
2133
2105
2134
2106
2135
2107
2136
2108
2137
2109
2138
2110
2139
2111
2140
2112
2141
2113
2142
2114
2143
2115
2144
2116
2145
2117
2146
2118
2147
2119
2148
2120
2149
2121
2150
2122
2151
2123
2152
2124
2153
2125
2154
2126
2155
2127
2156
2128
2157
2129
2158
2159
2131
2160
3549
2132
2161
2133
2162
2134
2163
2135
2164
2136
2165
2137
2166
2138
2167
2139
2168
2140
2169
2141
2170
2142
2171
2143
2172
2144
2173
2145
2174
2146
2175
2147
2176
2148
2177
2149
2178
2150
2179
2151
2180
2152
2181
2153
2182
2154
2183
2155
2184
2156
2185
2157
2186
2158
2187
2159
2188
2189
2161
2190
3574
2162
2191
2163
2192
2164
2193
2165
2194
2166
2195
2167
2196
2168
2197
2169
2198
2170
2199
2171
2200
2172
2201
2173
2202
2174
2203
2175
2204
2176
2205
2177
2206
2178
2207
2179
2208
2180
2209
2181
2210
2182
2211
2183
2212
2184
2213
2185
2214
2186
2215
2187
2216
2188
2217
2189
2218
2219
2191
2220
3599
2192
2221
2193
2222
2194
2223
2195
2224
2196
2225
2197
2226
2198
2227
2199
2228
2200
2229
2201
2230
2202
2231
2203
2232
2204
2233
2205
2234
2206
2235
2207
2236
2208
2237
2209
2238
2210
2239
2211
2240
2212
2241
2213
2242
2214
2243
2215
2244
2216
2245
2217
2246
2218
2247
2219
2248
2249
2221
3624
2222
2223
2224
2225
2226
2227
2228
2229
2230
2231
2232
2233
2234
2235
2236
2237
2238
2239
2240
2241
2242
2243
2244
2245
2246
2247
2248
2249
2251
2275
3600
2252
2276
3601
2253
2277
3602
2254
2278
3603
2255
2279
3604
2256
2280
3605
2257
2281
3606
2258
2282
3607
2259
2283
3608
2260
2284
3609
2261
2285
3610
2262
2286
3611
2263
2287
3612
2264
2288
3613
2265
2289
3614
2266
2290
3615
2267
2291
3616
2268
2292
3617
2269
2293
3618
2270
2294
3619
2271
2295
3620
2272
2296
3621
2273
2297
3622
2274
2298
3623
2299
3624
2276
2300
2277
2301
2278
2302
2279
2303
2280
2304
2281
2305
2282
2306
2283
2307
2284
2308
2285
2309
2286
2310
2287
2311
2288
2312
2289
2313
2290
2314
2291
2315
2292
2316
2293
2317
2294
2318
2295
2319
2296
2320
2297
2321
2298
2322
2299
2323
2324
2301
2325
2302
2326
2303
2327
2304
2328
2305
2329
2306
2330
2307
2331
2308
2332
2309
2333
2310
2334
2311
2335
2312
2336
2313
2337
2314
2338
2315
2339
2316
2340
2317
2341
2318
2342
2319
2343
2320
2344
2321
2345
2322
2346
2323
2347
2324
2348
2349
2326
2350
2327
2351
2328
2352
2329
2353
2330
2354
2331
2355
2332
2356
2333
2357
2334
2358
2335
2359
2336
2360
2337
2361
2338
2362
2339
2363
2340
2364
2341
2365
2342
2366
2343
2367
2344
2368
2345
2369
2346
2370
2347
2371
2348
2372
2349
2373
2374
2351
2375
2352
2376
2353
2377
2354
2378
2355
2379
2356
2380
2357
2381
2358
2382
2359
2383
2360
2384
2361
2385
2362
2386
2363
2387
2364
2388
2365
2389
2366
2390
2367
2391
2368
2392
2369
2393
2370
2394
2371
2395
2372
2396
2373
2397
2374
2398
2399
2376
2400
2377
2401
2378
2402
2379
2403
2380
2404
2381
2405
2382
2406
2383
2407
2384
2408
2385
2409
2386
2410
2387
2411
2388
2412
2389
2413
2390
2414
2391
2415
2392
2416
2393
2417
2394
2418
2395
2419
2396
2420
2397
2421
2398
2422
2399
2423
2424
2401
2425
2402
2426
2403
2427
2404
2428
2405
2429
2406
2430
2407
2431
2408
2432
2409
2433
2410
2434
2411
2435
2412
2436
2413
2437
2414
2438
2415
2439
2416
2440
2417
2441
2418
2442
2419
2443
2420
2444
2421
2445
2422
2446
2423
2447
2424
2448
2449
2426
2450
2427
2451
2428
2452
2429
2453
2430
2454
2431
2455
2432
2456
2433
2457
2434
2458
2435
2459
2436
2460
2437
2461
2438
2462
2439
2463
2440
2464
2441
2465
2442
2466
2443
2467
2444
2468
2445
2469
2446
2470
2447
2471
2448
2472
2449
2473
2474
2451
2475
2452
2476
2453
2477
2454
2478
2455
2479
2456
2480
2457
2481
2458
2482
2459
2483
2460
2484
2461
2485
2462
2486
2463
2487
2464
2488
2465
2489
2466
2490
2467
2491
2468
2492
2469
2493
2470
2494
2471
2495
2472
2496
2473
2497
2474
2498
2499
2476
2500
2477
2501
2478
2502
2479
2503
2480
2504
2481
2505
2482
2506
2483
2507
2484
2508
2485
2509
2486
2510
2487
2511
2488
2512
2489
2513
2490
2514
2491
2515
2492
2516
2493
2517
2494
2518
2495
2519
2496
2520
2497
2521
2498
2522
2499
2523
2524
2501
2525
2502
2526
2503
2527
2504
2528
2505
2529
2506
2530
2507
2531
2508
2532
2509
2533
2510
2534
2511
2535
2512
2536
2513
2537
2514
2538
2515
2539
2516
2540
2517
2541
2518
2542
2519
2543
2520
2544
2521
2545
2522
2546
2523
2547
2524
2548
2549
2526
2550
2527
2551
2528
2552
2529
2553
2530
2554
2531
2555
2532
2556
2533
2557
2534
2558
2535
2559
2536
2560
2537
2561
2538
2562
2539
2563
2540
2564
2541
2565
2542
2566
2543
2567
2544
2568
2545
2569
2546
2570
2547
2571
2548
2572
2549
2573
2574
2551
2575
2552
2576
2553
2577
2554
2578
2555
2579
2556
2580
2557
2581
2558
2582
2559
2583
2560
2584
2561
2585
2562
2586
2563
2587
2564
2588
2565
2589
2566
2590
2567
2591
2568
2592
2569
2593
2570
2594
2571
2595
2572
2596
2573
2597
2574
2598
2599
2576
2600
2577
2601
2578
2602
2579
2603
2580
2604
2581
2605
2582
2606
2583
2607
2584
2608
2585
2609
2586
2610
2587
2611
2588
2612
2589
2613
2590
2614
2591
2615
2592
2616
2593
2617
2594
2618
2595
2619
2596
2620
2597
2621
2598
2622
2599
2623
2624
2601
2625
2602
2626
2603
2627
2604
2628
2605
2629
2606
2630
2607
2631
2608
2632
2609
2633
2610
2634
2611
2635
2612
2636
2613
2637
2614
2638
2615
2639
2616
2640
2617
2641
2618
2642
2619
2643
2620
2644
2621
2645
2622
2646
2623
2647
2624
2648
2649
2626
2650
2627
2651
2628
2652
2629
2653
2630
2654
2631
2655
2632
2656
2633
2657
2634
2658
2635
2659
2636
2660
2637
2661
2638
2662
2639
2663
2640
2664
2641
2665
2642
2666
2643
2667
2644
2668
2645
2669
2646
2670
2647
2671
2648
2672
2649
2673
2674
2651
2675
2652
2676
2653
2677
2654
2678
2655
2679
2656
2680
2657
2681
2658
2682
2659
2683
2660
2684
2661
2685
2662
2686
2663
2687
2664
2688
2665
2689
2666
2690
2667
2691
2668
2692
2669
2693
2670
2694
2671
2695
2672
2696
2673
2697
2674
2698
2699
2676
2700
2677
2701
2678
2702
2679
2703
2680
2704
2681
2705
2682
2706
2683
2707
2684
2708
2685
2709
2686
2710
2687
2711
2688
2712
2689
2713
2690
2714
2691
2715
2692
2716
2693
2717
2694
2718
2695
2719
2696
2720
2697
2721
2698
2722
2699
2723
2724
2701
2725
2702
2726
2703
2727
2704
2728
2705
2729
2706
2730
2707
2731
2708
2732
2709
2733
2710
2734
2711
2735
2712
2736
2713
2737
2714
2738
2715
2739
2716
2740
2717
2741
2718
2742
2719
2743
2720
2744
2721
2745
2722
2746
2723
2747
2724
2748
2749
2726
2750
2727
2751
2728
2752
2729
2753
2730
2754
2731
2755
2732
2756
2733
2757
2734
2758
2735
2759
2736
2760
2737
2761
2738
2762
2739
2763
2740
2764
2741
2765
2742
2766
2743
2767
2744
2768
2745
2769
2746
2770
2747
2771
2748
2772
2749
2773
2774
2751
2775
2752
2776
2753
2777
2754
2778
2755
2779
2756
2780
2757
2781
2758
2782
2759
2783
2760
2784
2761
2785
2762
2786
2763
2787
2764
2788
2765
2789
2766
2790
2767
2791
2768
2792
2769
2793
2770
2794
2771
2795
2772
2796
2773
2797
2774
2798
2799
2776
2800
2777
2801
2778
2802
2779
2803
2780
2804
2781
2805
2782
2806
2783
2807
2784
2808
2785
2809
2786
2810
2787
2811
2788
2812
2789
2813
2790
2814
2791
2815
2792
2816
2793
2817
2794
2818
2795
2819
2796
2820
2797
2821
2798
2822
2799
2823
2824
2801
2825
2802
2826
2803
2827
2804
2828
2805
2829
2806
2830
2807
2831
2808
2832
2809
2833
2810
2834
2811
2835
2812
2836
2813
2837
2814
2838
2815
2839
2816
2840
2817
2841
2818
2842
2819
2843
2820
2844
2821
2845
2822
2846
2823
2847
2824
2848
2849
2826
2850
2827
2851
2828
2852
2829
2853
2830
2854
2831
2855
2832
2856
2833
2857
2834
2858
2835
2859
2836
2860
2837
2861
2838
2862
2839
2863
2840
2864
2841
2865
2842
2866
2843
2867
2844
2868
2845
2869
2846
2870
2847
2871
2848
2872
2849
2873
2874
2851
2875
2852
2876
2853
2877
2854
2878
2855
2879
2856
2880
2857
2881
2858
2882
2859
2883
2860
2884
2861
2885
2862
2886
2863
2887
2864
2888
2865
2889
2866
2890
2867
2891
2868
2892
2869
2893
2870
2894
2871
2895
2872
2896
2873
2897
2874
2898
2899
2876
2900
2877
2901
2878
2902
2879
2903
2880
2904
2881
2905
2882
2906
2883
2907
2884
2908
2885
2909
2886
2910
2887
2911
2888
2912
2889
2913
2890
2914
2891
2915
2892
2916
2893
2917
2894
2918
2895
2919
2896
2920
2897
2921
2898
2922
2899
2923
2924
2901
2925
2902
2926
2903
2927
2904
2928
2905
2929
2906
2930
2907
2931
2908
2932
2909
2933
2910
2934
2911
2935
2912
2936
2913
2937
2914
2938
2915
2939
2916
2940
2917
2941
2918
2942
2919
2943
2920
2944
2921
2945
2922
2946
2923
2947
2924
2948
2949
2926
2950
2927
2951
2928
2952
2929
2953
2930
2954
2931
2955
2932
2956
2933
2957
2934
2958
2935
2959
2936
2960
2937
2961
2938
2962
2939
2963
2940
2964
2941
2965
2942
2966
2943
2967
2944
2968
2945
2969
2946
2970
2947
2971
2948
2972
2949
2973
2974
2951
2975
2952
2976
2953
2977
2954
2978
2955
2979
2956
2980
2957
2981
2958
2982
2959
2983
2960
2984
2961
2985
2962
2986
2963
2987
2964
2988
2965
2989
2966
2990
2967
2991
2968
2992
2969
2993
2970
2994
2971
2995
2972
2996
2973
2997
2974
2998
2999
2976
2977
2978
2979
2980
2981
2982
2983
2984
2985
2986
2987
2988
2989
2990
2991
2992
2993
2994
2995
2996
2997
2998
2999
3001
3025
3002
3026
3003
3027
3004
3028
3005
3029
3006
3030
3007
3031
3008
3032
3009
3033
3010
3034
3011
3035
3012
3036
3013
3037
3014
3038
3015
3039
3016
3040
3017
3041
3018
3042
3019
3043
3020
3044
3021
3045
3022
3046
3023
3047
3024
3048
3049
3026
3050
3027
3051
3028
3052
3029
3053
3030
3054
3031
3055
3032
3056
3033
3057
3034
3058
3035
3059
3036
3060
3037
3061
3038
3062
3039
3063
3040
3064
3041
3065
3042
3066
3043
3067
3044
3068
3045
3069
3046
3070
3047
3071
3048
3072
3049
3073
3074
3051
3075
3052
3076
3053
3077
3054
3078
3055
3079
3056
3080
3057
3081
3058
3082
3059
3083
3060
3084
3061
3085
3062
3086
3063
3087
3064
3088
3065
3089
3066
3090
3067
3091
3068
3092
3069
3093
3070
3094
3071
3095
3072
3096
3073
3097
3074
3098
3099
3076
3100
3077
3101
3078
3102
3079
3103
3080
3104
3081
3105
3082
3106
3083
3107
3084
3108
3085
3109
3086
3110
3087
3111
3088
3112
3089
3113
3090
3114
3091
3115
3092
3116
3093
3117
3094
3118
3095
3119
3096
3120
3097
3121
3098
3122
3099
3123
3124
3101
3125
3102
3126
3103
3127
3104
3128
3105
3129
3106
3130
3107
3131
3108
3132
3109
3133
3110
3134
3111
3135
3112
3136
3113
3137
3114
3138
3115
3139
3116
3140
3117
3141
3118
3142
3119
3143
3120
3144
3121
3145
3122
3146
3123
3147
3124
3148
3149
3126
3150
3127
3151
3128
3152
3129
3153
3130
3154
3131
3155
3132
3156
3133
3157
3134
3158
3135
3159
3136
3160
3137
3161
3138
3162
3139
3163
3140
3164
3141
3165
3142
3166
3143
3167
3144
3168
3145
3169
3146
3170
3147
3171
3148
3172
3149
3173
3174
3151
3175
3152
3176
3153
3177
3154
3178
3155
3179
3156
3180
3157
3181
3158
3182
3159
3183
3160
3184
3161
3185
3162
3186
3163
3187
3164
3188
3165
3189
3166
3190
3167
3191
3168
3192
3169
3193
3170
3194
3171
3195
3172
3196
3173
3197
3174
3198
3199
3176
3200
3177
3201
3178
3202
3179
3203
3180
3204
3181
3205
3182
3206
3183
3207
3184
3208
3185
3209
3186
3210
3187
3211
3188
3212
3189
3213
3190
3214
3191
3215
3192
3216
3193
3217
3194
3218
3195
3219
3196
3220
3197
3221
3198
3222
3199
3223
3224
3201
3225
3202
3226
3203
3227
3204
3228
3205
3229
3206
3230
3207
3231
3208
3232
3209
3233
3210
3234
3211
3235
3212
3236
3213
3237
3214
3238
3215
3239
3216
3240
3217
3241
3218
3242
3219
3243
3220
3244
3221
3245
3222
3246
3223
3247
3224
3248
3249
3226
3250
3227
3251
3228
3252
3229
3253
3230
3254
3231
3255
3232
3256
3233
3257
3234
3258
3235
3259
3236
3260
3237
3261
3238
3262
3239
3263
3240
3264
3241
3265
3242
3266
3243
3267
3244
3268
3245
3269
3246
3270
3247
3271
3248
3272
3249
3273
3274
3251
3275
3252
3276
3253
3277
3254
3278
3255
3279
3256
3280
3257
3281
3258
3282
3259
3283
3260
3284
3261
3285
3262
3286
3263
3287
3264
3288
3265
3289
3266
3290
3267
3291
3268
3292
3269
3293
3270
3294
3271
3295
3272
3296
3273
3297
3274
3298
3299
3276
3300
3277
3301
3278
3302
3279
3303
3280
3304
3281
3305
3282
3306
3283
3307
3284
3308
3285
3309
3286
3310
3287
3311
3288
3312
3289
3313
3290
3314
3291
3315
3292
3316
3293
3317
3294
3318
3295
3319
3296
3320
3297
3321
3298
3322
3299
3323
3324
3301
3325
3302
3326
3303
3327
3304
3328
3305
3329
3306
3330
3307
3331
3308
3332
3309
3333
3310
3334
3311
3335
3312
3336
3313
3337
3314
3338
3315
3339
3316
3340
3317
3341
3318
3342
3319
3343
3320
3344
3321
3345
3322
3346
3323
3347
3324
3348
3349
3326
3350
3327
3351
3328
3352
3329
3353
3330
3354
3331
3355
3332
3356
3333
3357
3334
3358
3335
3359
3336
3360
3337
3361
3338
3362
3339
3363
3340
3364
3341
3365
3342
3366
3343
3367
3344
3368
3345
3369
3346
3370
3347
3371
3348
3372
3349
3373
3374
3351
3375
3352
3376
3353
3377
3354
3378
3355
3379
3356
3380
3357
3381
3358
3382
3359
3383
3360
3384
3361
3385
3362
3386
3363
3387
3364
3388
3365
3389
3366
3390
3367
3391
3368
3392
3369
3393
3370
3394
3371
3395
3372
3396
3373
3397
3374
3398
3399
3376
3400
3377
3401
3378
3402
3379
3403
3380
3404
3381
3405
3382
3406
3383
3407
3384
3408
3385
3409
3386
3410
3387
3411
3388
3412
3389
3413
3390
3414
3391
3415
3392
3416
3393
3417
3394
3418
3395
3419
3396
3420
3397
3421
3398
3422
3399
3423
3424
3401
3425
3402
3426
3403
3427
3404
3428
3405
3429
3406
3430
3407
3431
3408
3432
3409
3433
3410
3434
3411
3435
3412
3436
3413
3437
3414
3438
3415
3439
3416
3440
3417
3441
3418
3442
3419
3443
3420
3444
3421
3445
3422
3446
3423
3447
3424
3448
3449
3426
3450
3427
3451
3428
3452
3429
3453
3430
3454
3431
3455
3432
3456
3433
3457
3434
3458
3435
3459
3436
3460
3437
3461
3438
3462
3439
3463
3440
3464
3441
3465
3442
3466
3443
3467
3444
3468
3445
3469
3446
3470
3447
3471
3448
3472
3449
3473
3474
3451
3475
3452
3476
3453
3477
3454
3478
3455
3479
3456
3480
3457
3481
3458
3482
3459
3483
3460
3484
3461
3485
3462
3486
3463
3487
3464
3488
3465
3489
3466
3490
3467
3491
3468
3492
3469
3493
3470
3494
3471
3495
3472
3496
3473
3497
3474
3498
3499
3476
3500
3477
3501
3478
3502
3479
3503
3480
3504
3481
3505
3482
3506
3483
3507
3484
3508
3485
3509
3486
3510
3487
3511
3488
3512
3489
3513
3490
3514
3491
3515
3492
3516
3493
3517
3494
3518
3495
3519
3496
3520
3497
3521
3498
3522
3499
3523
3524
3501
3525
3502
3526
3503
3527
3504
3528
3505
3529
3506
3530
3507
3531
3508
3532
3509
3533
3510
3534
3511
3535
3512
3536
3513
3537
3514
3538
3515
3539
3516
3540
3517
3541
3518
3542
3519
3543
3520
3544
3521
3545
3522
3546
3523
3547
3524
3548
3549
3526
3550
3527
3551
3528
3552
3529
3553
3530
3554
3531
3555
3532
3556
3533
3557
3534
3558
3535
3559
3536
3560
3537
3561
3538
3562
3539
3563
3540
3564
3541
3565
3542
3566
3543
3567
3544
3568
3545
3569
3546
3570
3547
3571
3548
3572
3549
3573
3574
3551
3575
3552
3576
3553
3577
3554
3578
3555
3579
3556
3580
3557
3581
3558
3582
3559
3583
3560
3584
3561
3585
3562
3586
3563
3587
3564
3588
3565
3589
3566
3590
3567
3591
3568
3592
3569
3593
3570
3594
3571
3595
3572
3596
3573
3597
3574
3598
3599
3576
3600
3577
3601
3578
3602
3579
3603
3580
3604
3581
3605
3582
3606
3583
3607
3584
3608
3585
3609
3586
3610
3587
3611
3588
3612
3589
3613
3590
3614
3591
3615
3592
3616
3593
3617
3594
3618
3595
3619
3596
3620
3597
3621
3598
3622
3599
3623
3624
3601
3602
3603
3604
3605
3606
3607
3608
3609
3610
3611
3612
3613
3614
3615
3616
3617
3618
3619
3620
3621
3622
3623
3624
)


// ************************************************************************* //
