/*--------------------------------*- C++ -*----------------------------------*\
  =========                 |
  \\      /  F ield         | OpenFOAM: The Open Source CFD Toolbox
   \\    /   O peration     | Website:  https://openfoam.org
    \\  /    A nd           | Version:  7
     \\/     M anipulation  |
\*---------------------------------------------------------------------------*/
FoamFile
{
    version     2.0;
    format      ascii;
    class       labelList;
    note        "nPoints: 7592 nCells: 3625 nFaces: 14670 nInternalFaces: 7080";
    location    "constant/polyMesh";
    object      owner;
}
// * * * * * * * * * * * * * * * * * * * * * * * * * * * * * * * * * * * * * //


14670
(
0
0
1
1
2
2
3
3
4
4
5
5
6
6
7
7
8
8
9
9
10
10
11
11
12
12
13
13
14
14
15
15
16
16
17
17
18
18
19
19
20
20
21
21
22
22
23
23
24
24
25
25
26
26
27
27
28
28
29
29
30
30
31
31
32
32
33
33
34
34
35
35
36
36
37
37
38
38
39
39
40
40
41
41
42
42
43
43
44
44
45
45
46
46
47
47
48
48
49
49
50
50
51
51
52
52
53
53
54
54
55
55
56
56
57
57
58
58
59
59
60
60
61
61
62
62
63
63
64
64
65
65
66
66
67
67
68
68
69
69
70
70
71
71
72
72
73
73
74
74
75
75
76
76
77
77
78
78
79
79
80
80
81
81
82
82
83
83
84
84
85
85
86
86
87
87
88
88
89
89
90
90
91
91
92
92
93
93
94
94
95
95
96
96
97
97
98
98
99
99
100
100
101
101
102
102
103
103
104
104
105
105
106
106
107
107
108
108
109
109
110
110
111
111
112
112
113
113
114
114
115
115
116
116
117
117
118
118
119
119
120
120
121
121
122
122
123
123
124
124
125
125
126
126
127
127
128
128
129
129
130
130
131
131
132
132
133
133
134
134
135
135
136
136
137
137
138
138
139
139
140
140
141
141
142
142
143
143
144
144
145
145
146
146
147
147
148
148
149
149
150
150
151
151
152
152
153
153
154
154
155
155
156
156
157
157
158
158
159
159
160
160
161
161
162
162
163
163
164
164
165
165
166
166
167
167
168
168
169
169
170
170
171
171
172
172
173
173
174
174
175
175
176
176
177
177
178
178
179
179
180
180
181
181
182
182
183
183
184
184
185
185
186
186
187
187
188
188
189
189
190
190
191
191
192
192
193
193
194
194
195
195
196
196
197
197
198
198
199
199
200
200
201
201
202
202
203
203
204
204
205
205
206
206
207
207
208
208
209
209
210
210
211
211
212
212
213
213
214
214
215
215
216
216
217
217
218
218
219
219
220
220
221
221
222
222
223
223
224
224
225
225
226
226
227
227
228
228
229
229
230
230
231
231
232
232
233
233
234
234
235
235
236
236
237
237
238
238
239
239
240
240
241
241
242
242
243
243
244
244
245
245
246
246
247
247
248
248
249
249
250
250
251
251
252
252
253
253
254
254
255
255
256
256
257
257
258
258
259
259
260
260
261
261
262
262
263
263
264
264
265
265
266
266
267
267
268
268
269
269
270
270
271
271
272
272
273
273
274
274
275
275
276
276
277
277
278
278
279
279
280
280
281
281
282
282
283
283
284
284
285
285
286
286
287
287
288
288
289
289
290
290
291
291
292
292
293
293
294
294
295
295
296
296
297
297
298
298
299
299
300
300
301
301
302
302
303
303
304
304
305
305
306
306
307
307
308
308
309
309
310
310
311
311
312
312
313
313
314
314
315
315
316
316
317
317
318
318
319
319
320
320
321
321
322
322
323
323
324
324
325
325
326
326
327
327
328
328
329
329
330
330
331
331
332
332
333
333
334
334
335
335
336
336
337
337
338
338
339
339
340
340
341
341
342
342
343
343
344
344
345
345
346
346
347
347
348
348
349
349
350
350
351
351
352
352
353
353
354
354
355
355
356
356
357
357
358
358
359
359
360
360
361
361
362
362
363
363
364
364
365
365
366
366
367
367
368
368
369
369
370
370
371
371
372
372
373
373
374
374
375
375
376
376
377
377
378
378
379
379
380
380
381
381
382
382
383
383
384
384
385
385
386
386
387
387
388
388
389
389
390
390
391
391
392
392
393
393
394
394
395
395
396
396
397
397
398
398
399
399
400
400
401
401
402
402
403
403
404
404
405
405
406
406
407
407
408
408
409
409
410
410
411
411
412
412
413
413
414
414
415
415
416
416
417
417
418
418
419
419
420
420
421
421
422
422
423
423
424
424
425
425
426
426
427
427
428
428
429
429
430
430
431
431
432
432
433
433
434
434
435
435
436
436
437
437
438
438
439
439
440
440
441
441
442
442
443
443
444
444
445
445
446
446
447
447
448
448
449
449
450
450
451
451
452
452
453
453
454
454
455
455
456
456
457
457
458
458
459
459
460
460
461
461
462
462
463
463
464
464
465
465
466
466
467
467
468
468
469
469
470
470
471
471
472
472
473
473
474
474
475
475
476
476
477
477
478
478
479
479
480
480
481
481
482
482
483
483
484
484
485
485
486
486
487
487
488
488
489
489
490
490
491
491
492
492
493
493
494
494
495
495
496
496
497
497
498
498
499
499
500
500
501
501
502
502
503
503
504
504
505
505
506
506
507
507
508
508
509
509
510
510
511
511
512
512
513
513
514
514
515
515
516
516
517
517
518
518
519
519
520
520
521
521
522
522
523
523
524
524
525
525
526
526
527
527
528
528
529
529
530
530
531
531
532
532
533
533
534
534
535
535
536
536
537
537
538
538
539
539
540
540
541
541
542
542
543
543
544
544
545
545
546
546
547
547
548
548
549
549
550
550
551
551
552
552
553
553
554
554
555
555
556
556
557
557
558
558
559
559
560
560
561
561
562
562
563
563
564
564
565
565
566
566
567
567
568
568
569
569
570
570
571
571
572
572
573
573
574
574
575
575
576
576
577
577
578
578
579
579
580
580
581
581
582
582
583
583
584
584
585
585
586
586
587
587
588
588
589
589
590
590
591
591
592
592
593
593
594
594
595
595
596
596
597
597
598
598
599
599
600
600
601
601
602
602
603
603
604
604
605
605
606
606
607
607
608
608
609
609
610
610
611
611
612
612
613
613
614
614
615
615
616
616
617
617
618
618
619
619
620
620
621
621
622
622
623
623
624
624
625
625
626
626
627
627
628
628
629
629
630
630
631
631
632
632
633
633
634
634
635
635
636
636
637
637
638
638
639
639
640
640
641
641
642
642
643
643
644
644
645
645
646
646
647
647
648
648
649
649
650
650
651
651
652
652
653
653
654
654
655
655
656
656
657
657
658
658
659
659
660
660
661
661
662
662
663
663
664
664
665
665
666
666
667
667
668
668
669
669
670
670
671
671
672
672
673
673
674
674
675
675
676
676
677
677
678
678
679
679
680
680
681
681
682
682
683
683
684
684
685
685
686
686
687
687
688
688
689
689
690
690
691
691
692
692
693
693
694
694
695
695
696
696
697
697
698
698
699
699
700
700
701
701
702
702
703
703
704
704
705
705
706
706
707
707
708
708
709
709
710
710
711
711
712
712
713
713
714
714
715
715
716
716
717
717
718
718
719
719
720
721
722
723
724
725
726
727
728
729
730
731
732
733
734
735
736
737
738
739
740
741
742
743
744
745
746
747
748
749
750
750
751
751
752
752
753
753
754
754
755
755
756
756
757
757
758
758
759
759
760
760
761
761
762
762
763
763
764
764
765
765
766
766
767
767
768
768
769
769
770
770
771
771
772
772
773
773
774
775
775
776
776
777
777
778
778
779
779
780
780
781
781
782
782
783
783
784
784
785
785
786
786
787
787
788
788
789
789
790
790
791
791
792
792
793
793
794
794
795
795
796
796
797
797
798
798
799
800
800
801
801
802
802
803
803
804
804
805
805
806
806
807
807
808
808
809
809
810
810
811
811
812
812
813
813
814
814
815
815
816
816
817
817
818
818
819
819
820
820
821
821
822
822
823
823
824
825
825
826
826
827
827
828
828
829
829
830
830
831
831
832
832
833
833
834
834
835
835
836
836
837
837
838
838
839
839
840
840
841
841
842
842
843
843
844
844
845
845
846
846
847
847
848
848
849
850
850
851
851
852
852
853
853
854
854
855
855
856
856
857
857
858
858
859
859
860
860
861
861
862
862
863
863
864
864
865
865
866
866
867
867
868
868
869
869
870
870
871
871
872
872
873
873
874
875
875
876
876
877
877
878
878
879
879
880
880
881
881
882
882
883
883
884
884
885
885
886
886
887
887
888
888
889
889
890
890
891
891
892
892
893
893
894
894
895
895
896
896
897
897
898
898
899
900
900
901
901
902
902
903
903
904
904
905
905
906
906
907
907
908
908
909
909
910
910
911
911
912
912
913
913
914
914
915
915
916
916
917
917
918
918
919
919
920
920
921
921
922
922
923
923
924
925
925
926
926
927
927
928
928
929
929
930
930
931
931
932
932
933
933
934
934
935
935
936
936
937
937
938
938
939
939
940
940
941
941
942
942
943
943
944
944
945
945
946
946
947
947
948
948
949
950
950
951
951
952
952
953
953
954
954
955
955
956
956
957
957
958
958
959
959
960
960
961
961
962
962
963
963
964
964
965
965
966
966
967
967
968
968
969
969
970
970
971
971
972
972
973
973
974
975
975
976
976
977
977
978
978
979
979
980
980
981
981
982
982
983
983
984
984
985
985
986
986
987
987
988
988
989
989
990
990
991
991
992
992
993
993
994
994
995
995
996
996
997
997
998
998
999
1000
1000
1001
1001
1002
1002
1003
1003
1004
1004
1005
1005
1006
1006
1007
1007
1008
1008
1009
1009
1010
1010
1011
1011
1012
1012
1013
1013
1014
1014
1015
1015
1016
1016
1017
1017
1018
1018
1019
1019
1020
1020
1021
1021
1022
1022
1023
1023
1024
1025
1025
1026
1026
1027
1027
1028
1028
1029
1029
1030
1030
1031
1031
1032
1032
1033
1033
1034
1034
1035
1035
1036
1036
1037
1037
1038
1038
1039
1039
1040
1040
1041
1041
1042
1042
1043
1043
1044
1044
1045
1045
1046
1046
1047
1047
1048
1048
1049
1050
1050
1051
1051
1052
1052
1053
1053
1054
1054
1055
1055
1056
1056
1057
1057
1058
1058
1059
1059
1060
1060
1061
1061
1062
1062
1063
1063
1064
1064
1065
1065
1066
1066
1067
1067
1068
1068
1069
1069
1070
1070
1071
1071
1072
1072
1073
1073
1074
1075
1075
1076
1076
1077
1077
1078
1078
1079
1079
1080
1080
1081
1081
1082
1082
1083
1083
1084
1084
1085
1085
1086
1086
1087
1087
1088
1088
1089
1089
1090
1090
1091
1091
1092
1092
1093
1093
1094
1094
1095
1095
1096
1096
1097
1097
1098
1098
1099
1100
1100
1101
1101
1102
1102
1103
1103
1104
1104
1105
1105
1106
1106
1107
1107
1108
1108
1109
1109
1110
1110
1111
1111
1112
1112
1113
1113
1114
1114
1115
1115
1116
1116
1117
1117
1118
1118
1119
1119
1120
1120
1121
1121
1122
1122
1123
1123
1124
1125
1125
1126
1126
1127
1127
1128
1128
1129
1129
1130
1130
1131
1131
1132
1132
1133
1133
1134
1134
1135
1135
1136
1136
1137
1137
1138
1138
1139
1139
1140
1140
1141
1141
1142
1142
1143
1143
1144
1144
1145
1145
1146
1146
1147
1147
1148
1148
1149
1150
1150
1151
1151
1152
1152
1153
1153
1154
1154
1155
1155
1156
1156
1157
1157
1158
1158
1159
1159
1160
1160
1161
1161
1162
1162
1163
1163
1164
1164
1165
1165
1166
1166
1167
1167
1168
1168
1169
1169
1170
1170
1171
1171
1172
1172
1173
1173
1174
1175
1175
1176
1176
1177
1177
1178
1178
1179
1179
1180
1180
1181
1181
1182
1182
1183
1183
1184
1184
1185
1185
1186
1186
1187
1187
1188
1188
1189
1189
1190
1190
1191
1191
1192
1192
1193
1193
1194
1194
1195
1195
1196
1196
1197
1197
1198
1198
1199
1200
1200
1201
1201
1202
1202
1203
1203
1204
1204
1205
1205
1206
1206
1207
1207
1208
1208
1209
1209
1210
1210
1211
1211
1212
1212
1213
1213
1214
1214
1215
1215
1216
1216
1217
1217
1218
1218
1219
1219
1220
1220
1221
1221
1222
1222
1223
1223
1224
1225
1225
1226
1226
1227
1227
1228
1228
1229
1229
1230
1230
1231
1231
1232
1232
1233
1233
1234
1234
1235
1235
1236
1236
1237
1237
1238
1238
1239
1239
1240
1240
1241
1241
1242
1242
1243
1243
1244
1244
1245
1245
1246
1246
1247
1247
1248
1248
1249
1250
1250
1251
1251
1252
1252
1253
1253
1254
1254
1255
1255
1256
1256
1257
1257
1258
1258
1259
1259
1260
1260
1261
1261
1262
1262
1263
1263
1264
1264
1265
1265
1266
1266
1267
1267
1268
1268
1269
1269
1270
1270
1271
1271
1272
1272
1273
1273
1274
1275
1275
1276
1276
1277
1277
1278
1278
1279
1279
1280
1280
1281
1281
1282
1282
1283
1283
1284
1284
1285
1285
1286
1286
1287
1287
1288
1288
1289
1289
1290
1290
1291
1291
1292
1292
1293
1293
1294
1294
1295
1295
1296
1296
1297
1297
1298
1298
1299
1300
1300
1301
1301
1302
1302
1303
1303
1304
1304
1305
1305
1306
1306
1307
1307
1308
1308
1309
1309
1310
1310
1311
1311
1312
1312
1313
1313
1314
1314
1315
1315
1316
1316
1317
1317
1318
1318
1319
1319
1320
1320
1321
1321
1322
1322
1323
1323
1324
1325
1325
1326
1326
1327
1327
1328
1328
1329
1329
1330
1330
1331
1331
1332
1332
1333
1333
1334
1334
1335
1335
1336
1336
1337
1337
1338
1338
1339
1339
1340
1340
1341
1341
1342
1342
1343
1343
1344
1344
1345
1345
1346
1346
1347
1347
1348
1348
1349
1350
1350
1351
1351
1352
1352
1353
1353
1354
1354
1355
1355
1356
1356
1357
1357
1358
1358
1359
1359
1360
1360
1361
1361
1362
1362
1363
1363
1364
1364
1365
1365
1366
1366
1367
1367
1368
1368
1369
1369
1370
1370
1371
1371
1372
1372
1373
1373
1374
1375
1375
1376
1376
1377
1377
1378
1378
1379
1379
1380
1380
1381
1381
1382
1382
1383
1383
1384
1384
1385
1385
1386
1386
1387
1387
1388
1388
1389
1389
1390
1390
1391
1391
1392
1392
1393
1393
1394
1394
1395
1395
1396
1396
1397
1397
1398
1398
1399
1400
1400
1401
1401
1402
1402
1403
1403
1404
1404
1405
1405
1406
1406
1407
1407
1408
1408
1409
1409
1410
1410
1411
1411
1412
1412
1413
1413
1414
1414
1415
1415
1416
1416
1417
1417
1418
1418
1419
1419
1420
1420
1421
1421
1422
1422
1423
1423
1424
1425
1425
1426
1426
1427
1427
1428
1428
1429
1429
1430
1430
1431
1431
1432
1432
1433
1433
1434
1434
1435
1435
1436
1436
1437
1437
1438
1438
1439
1439
1440
1440
1441
1441
1442
1442
1443
1443
1444
1444
1445
1445
1446
1446
1447
1447
1448
1448
1449
1450
1450
1451
1451
1452
1452
1453
1453
1454
1454
1455
1455
1456
1456
1457
1457
1458
1458
1459
1459
1460
1460
1461
1461
1462
1462
1463
1463
1464
1464
1465
1465
1466
1466
1467
1467
1468
1468
1469
1469
1470
1470
1471
1471
1472
1472
1473
1473
1474
1475
1475
1476
1476
1477
1477
1478
1478
1479
1479
1480
1480
1481
1481
1482
1482
1483
1483
1484
1484
1485
1485
1486
1486
1487
1487
1488
1488
1489
1489
1490
1490
1491
1491
1492
1492
1493
1493
1494
1494
1495
1495
1496
1496
1497
1497
1498
1498
1499
1500
1500
1500
1501
1501
1502
1502
1503
1503
1504
1504
1505
1505
1506
1506
1507
1507
1508
1508
1509
1509
1510
1510
1511
1511
1512
1512
1513
1513
1514
1514
1515
1515
1516
1516
1517
1517
1518
1518
1519
1519
1520
1520
1521
1521
1522
1522
1523
1523
1524
1524
1525
1525
1526
1526
1527
1527
1528
1528
1529
1530
1530
1530
1531
1531
1532
1532
1533
1533
1534
1534
1535
1535
1536
1536
1537
1537
1538
1538
1539
1539
1540
1540
1541
1541
1542
1542
1543
1543
1544
1544
1545
1545
1546
1546
1547
1547
1548
1548
1549
1549
1550
1550
1551
1551
1552
1552
1553
1553
1554
1554
1555
1555
1556
1556
1557
1557
1558
1558
1559
1560
1560
1560
1561
1561
1562
1562
1563
1563
1564
1564
1565
1565
1566
1566
1567
1567
1568
1568
1569
1569
1570
1570
1571
1571
1572
1572
1573
1573
1574
1574
1575
1575
1576
1576
1577
1577
1578
1578
1579
1579
1580
1580
1581
1581
1582
1582
1583
1583
1584
1584
1585
1585
1586
1586
1587
1587
1588
1588
1589
1590
1590
1590
1591
1591
1592
1592
1593
1593
1594
1594
1595
1595
1596
1596
1597
1597
1598
1598
1599
1599
1600
1600
1601
1601
1602
1602
1603
1603
1604
1604
1605
1605
1606
1606
1607
1607
1608
1608
1609
1609
1610
1610
1611
1611
1612
1612
1613
1613
1614
1614
1615
1615
1616
1616
1617
1617
1618
1618
1619
1620
1620
1620
1621
1621
1622
1622
1623
1623
1624
1624
1625
1625
1626
1626
1627
1627
1628
1628
1629
1629
1630
1630
1631
1631
1632
1632
1633
1633
1634
1634
1635
1635
1636
1636
1637
1637
1638
1638
1639
1639
1640
1640
1641
1641
1642
1642
1643
1643
1644
1644
1645
1645
1646
1646
1647
1647
1648
1648
1649
1650
1650
1650
1651
1651
1652
1652
1653
1653
1654
1654
1655
1655
1656
1656
1657
1657
1658
1658
1659
1659
1660
1660
1661
1661
1662
1662
1663
1663
1664
1664
1665
1665
1666
1666
1667
1667
1668
1668
1669
1669
1670
1670
1671
1671
1672
1672
1673
1673
1674
1674
1675
1675
1676
1676
1677
1677
1678
1678
1679
1680
1680
1680
1681
1681
1682
1682
1683
1683
1684
1684
1685
1685
1686
1686
1687
1687
1688
1688
1689
1689
1690
1690
1691
1691
1692
1692
1693
1693
1694
1694
1695
1695
1696
1696
1697
1697
1698
1698
1699
1699
1700
1700
1701
1701
1702
1702
1703
1703
1704
1704
1705
1705
1706
1706
1707
1707
1708
1708
1709
1710
1710
1710
1711
1711
1712
1712
1713
1713
1714
1714
1715
1715
1716
1716
1717
1717
1718
1718
1719
1719
1720
1720
1721
1721
1722
1722
1723
1723
1724
1724
1725
1725
1726
1726
1727
1727
1728
1728
1729
1729
1730
1730
1731
1731
1732
1732
1733
1733
1734
1734
1735
1735
1736
1736
1737
1737
1738
1738
1739
1740
1740
1740
1741
1741
1742
1742
1743
1743
1744
1744
1745
1745
1746
1746
1747
1747
1748
1748
1749
1749
1750
1750
1751
1751
1752
1752
1753
1753
1754
1754
1755
1755
1756
1756
1757
1757
1758
1758
1759
1759
1760
1760
1761
1761
1762
1762
1763
1763
1764
1764
1765
1765
1766
1766
1767
1767
1768
1768
1769
1770
1770
1770
1771
1771
1772
1772
1773
1773
1774
1774
1775
1775
1776
1776
1777
1777
1778
1778
1779
1779
1780
1780
1781
1781
1782
1782
1783
1783
1784
1784
1785
1785
1786
1786
1787
1787
1788
1788
1789
1789
1790
1790
1791
1791
1792
1792
1793
1793
1794
1794
1795
1795
1796
1796
1797
1797
1798
1798
1799
1800
1800
1800
1801
1801
1802
1802
1803
1803
1804
1804
1805
1805
1806
1806
1807
1807
1808
1808
1809
1809
1810
1810
1811
1811
1812
1812
1813
1813
1814
1814
1815
1815
1816
1816
1817
1817
1818
1818
1819
1819
1820
1820
1821
1821
1822
1822
1823
1823
1824
1824
1825
1825
1826
1826
1827
1827
1828
1828
1829
1830
1830
1830
1831
1831
1832
1832
1833
1833
1834
1834
1835
1835
1836
1836
1837
1837
1838
1838
1839
1839
1840
1840
1841
1841
1842
1842
1843
1843
1844
1844
1845
1845
1846
1846
1847
1847
1848
1848
1849
1849
1850
1850
1851
1851
1852
1852
1853
1853
1854
1854
1855
1855
1856
1856
1857
1857
1858
1858
1859
1860
1860
1860
1861
1861
1862
1862
1863
1863
1864
1864
1865
1865
1866
1866
1867
1867
1868
1868
1869
1869
1870
1870
1871
1871
1872
1872
1873
1873
1874
1874
1875
1875
1876
1876
1877
1877
1878
1878
1879
1879
1880
1880
1881
1881
1882
1882
1883
1883
1884
1884
1885
1885
1886
1886
1887
1887
1888
1888
1889
1890
1890
1890
1891
1891
1892
1892
1893
1893
1894
1894
1895
1895
1896
1896
1897
1897
1898
1898
1899
1899
1900
1900
1901
1901
1902
1902
1903
1903
1904
1904
1905
1905
1906
1906
1907
1907
1908
1908
1909
1909
1910
1910
1911
1911
1912
1912
1913
1913
1914
1914
1915
1915
1916
1916
1917
1917
1918
1918
1919
1920
1920
1920
1921
1921
1922
1922
1923
1923
1924
1924
1925
1925
1926
1926
1927
1927
1928
1928
1929
1929
1930
1930
1931
1931
1932
1932
1933
1933
1934
1934
1935
1935
1936
1936
1937
1937
1938
1938
1939
1939
1940
1940
1941
1941
1942
1942
1943
1943
1944
1944
1945
1945
1946
1946
1947
1947
1948
1948
1949
1950
1950
1950
1951
1951
1952
1952
1953
1953
1954
1954
1955
1955
1956
1956
1957
1957
1958
1958
1959
1959
1960
1960
1961
1961
1962
1962
1963
1963
1964
1964
1965
1965
1966
1966
1967
1967
1968
1968
1969
1969
1970
1970
1971
1971
1972
1972
1973
1973
1974
1974
1975
1975
1976
1976
1977
1977
1978
1978
1979
1980
1980
1980
1981
1981
1982
1982
1983
1983
1984
1984
1985
1985
1986
1986
1987
1987
1988
1988
1989
1989
1990
1990
1991
1991
1992
1992
1993
1993
1994
1994
1995
1995
1996
1996
1997
1997
1998
1998
1999
1999
2000
2000
2001
2001
2002
2002
2003
2003
2004
2004
2005
2005
2006
2006
2007
2007
2008
2008
2009
2010
2010
2010
2011
2011
2012
2012
2013
2013
2014
2014
2015
2015
2016
2016
2017
2017
2018
2018
2019
2019
2020
2020
2021
2021
2022
2022
2023
2023
2024
2024
2025
2025
2026
2026
2027
2027
2028
2028
2029
2029
2030
2030
2031
2031
2032
2032
2033
2033
2034
2034
2035
2035
2036
2036
2037
2037
2038
2038
2039
2040
2040
2040
2041
2041
2042
2042
2043
2043
2044
2044
2045
2045
2046
2046
2047
2047
2048
2048
2049
2049
2050
2050
2051
2051
2052
2052
2053
2053
2054
2054
2055
2055
2056
2056
2057
2057
2058
2058
2059
2059
2060
2060
2061
2061
2062
2062
2063
2063
2064
2064
2065
2065
2066
2066
2067
2067
2068
2068
2069
2070
2070
2070
2071
2071
2072
2072
2073
2073
2074
2074
2075
2075
2076
2076
2077
2077
2078
2078
2079
2079
2080
2080
2081
2081
2082
2082
2083
2083
2084
2084
2085
2085
2086
2086
2087
2087
2088
2088
2089
2089
2090
2090
2091
2091
2092
2092
2093
2093
2094
2094
2095
2095
2096
2096
2097
2097
2098
2098
2099
2100
2100
2100
2101
2101
2102
2102
2103
2103
2104
2104
2105
2105
2106
2106
2107
2107
2108
2108
2109
2109
2110
2110
2111
2111
2112
2112
2113
2113
2114
2114
2115
2115
2116
2116
2117
2117
2118
2118
2119
2119
2120
2120
2121
2121
2122
2122
2123
2123
2124
2124
2125
2125
2126
2126
2127
2127
2128
2128
2129
2130
2130
2130
2131
2131
2132
2132
2133
2133
2134
2134
2135
2135
2136
2136
2137
2137
2138
2138
2139
2139
2140
2140
2141
2141
2142
2142
2143
2143
2144
2144
2145
2145
2146
2146
2147
2147
2148
2148
2149
2149
2150
2150
2151
2151
2152
2152
2153
2153
2154
2154
2155
2155
2156
2156
2157
2157
2158
2158
2159
2160
2160
2160
2161
2161
2162
2162
2163
2163
2164
2164
2165
2165
2166
2166
2167
2167
2168
2168
2169
2169
2170
2170
2171
2171
2172
2172
2173
2173
2174
2174
2175
2175
2176
2176
2177
2177
2178
2178
2179
2179
2180
2180
2181
2181
2182
2182
2183
2183
2184
2184
2185
2185
2186
2186
2187
2187
2188
2188
2189
2190
2190
2190
2191
2191
2192
2192
2193
2193
2194
2194
2195
2195
2196
2196
2197
2197
2198
2198
2199
2199
2200
2200
2201
2201
2202
2202
2203
2203
2204
2204
2205
2205
2206
2206
2207
2207
2208
2208
2209
2209
2210
2210
2211
2211
2212
2212
2213
2213
2214
2214
2215
2215
2216
2216
2217
2217
2218
2218
2219
2220
2220
2221
2222
2223
2224
2225
2226
2227
2228
2229
2230
2231
2232
2233
2234
2235
2236
2237
2238
2239
2240
2241
2242
2243
2244
2245
2246
2247
2248
2250
2250
2250
2251
2251
2251
2252
2252
2252
2253
2253
2253
2254
2254
2254
2255
2255
2255
2256
2256
2256
2257
2257
2257
2258
2258
2258
2259
2259
2259
2260
2260
2260
2261
2261
2261
2262
2262
2262
2263
2263
2263
2264
2264
2264
2265
2265
2265
2266
2266
2266
2267
2267
2267
2268
2268
2268
2269
2269
2269
2270
2270
2270
2271
2271
2271
2272
2272
2272
2273
2273
2273
2274
2274
2275
2275
2276
2276
2277
2277
2278
2278
2279
2279
2280
2280
2281
2281
2282
2282
2283
2283
2284
2284
2285
2285
2286
2286
2287
2287
2288
2288
2289
2289
2290
2290
2291
2291
2292
2292
2293
2293
2294
2294
2295
2295
2296
2296
2297
2297
2298
2298
2299
2300
2300
2301
2301
2302
2302
2303
2303
2304
2304
2305
2305
2306
2306
2307
2307
2308
2308
2309
2309
2310
2310
2311
2311
2312
2312
2313
2313
2314
2314
2315
2315
2316
2316
2317
2317
2318
2318
2319
2319
2320
2320
2321
2321
2322
2322
2323
2323
2324
2325
2325
2326
2326
2327
2327
2328
2328
2329
2329
2330
2330
2331
2331
2332
2332
2333
2333
2334
2334
2335
2335
2336
2336
2337
2337
2338
2338
2339
2339
2340
2340
2341
2341
2342
2342
2343
2343
2344
2344
2345
2345
2346
2346
2347
2347
2348
2348
2349
2350
2350
2351
2351
2352
2352
2353
2353
2354
2354
2355
2355
2356
2356
2357
2357
2358
2358
2359
2359
2360
2360
2361
2361
2362
2362
2363
2363
2364
2364
2365
2365
2366
2366
2367
2367
2368
2368
2369
2369
2370
2370
2371
2371
2372
2372
2373
2373
2374
2375
2375
2376
2376
2377
2377
2378
2378
2379
2379
2380
2380
2381
2381
2382
2382
2383
2383
2384
2384
2385
2385
2386
2386
2387
2387
2388
2388
2389
2389
2390
2390
2391
2391
2392
2392
2393
2393
2394
2394
2395
2395
2396
2396
2397
2397
2398
2398
2399
2400
2400
2401
2401
2402
2402
2403
2403
2404
2404
2405
2405
2406
2406
2407
2407
2408
2408
2409
2409
2410
2410
2411
2411
2412
2412
2413
2413
2414
2414
2415
2415
2416
2416
2417
2417
2418
2418
2419
2419
2420
2420
2421
2421
2422
2422
2423
2423
2424
2425
2425
2426
2426
2427
2427
2428
2428
2429
2429
2430
2430
2431
2431
2432
2432
2433
2433
2434
2434
2435
2435
2436
2436
2437
2437
2438
2438
2439
2439
2440
2440
2441
2441
2442
2442
2443
2443
2444
2444
2445
2445
2446
2446
2447
2447
2448
2448
2449
2450
2450
2451
2451
2452
2452
2453
2453
2454
2454
2455
2455
2456
2456
2457
2457
2458
2458
2459
2459
2460
2460
2461
2461
2462
2462
2463
2463
2464
2464
2465
2465
2466
2466
2467
2467
2468
2468
2469
2469
2470
2470
2471
2471
2472
2472
2473
2473
2474
2475
2475
2476
2476
2477
2477
2478
2478
2479
2479
2480
2480
2481
2481
2482
2482
2483
2483
2484
2484
2485
2485
2486
2486
2487
2487
2488
2488
2489
2489
2490
2490
2491
2491
2492
2492
2493
2493
2494
2494
2495
2495
2496
2496
2497
2497
2498
2498
2499
2500
2500
2501
2501
2502
2502
2503
2503
2504
2504
2505
2505
2506
2506
2507
2507
2508
2508
2509
2509
2510
2510
2511
2511
2512
2512
2513
2513
2514
2514
2515
2515
2516
2516
2517
2517
2518
2518
2519
2519
2520
2520
2521
2521
2522
2522
2523
2523
2524
2525
2525
2526
2526
2527
2527
2528
2528
2529
2529
2530
2530
2531
2531
2532
2532
2533
2533
2534
2534
2535
2535
2536
2536
2537
2537
2538
2538
2539
2539
2540
2540
2541
2541
2542
2542
2543
2543
2544
2544
2545
2545
2546
2546
2547
2547
2548
2548
2549
2550
2550
2551
2551
2552
2552
2553
2553
2554
2554
2555
2555
2556
2556
2557
2557
2558
2558
2559
2559
2560
2560
2561
2561
2562
2562
2563
2563
2564
2564
2565
2565
2566
2566
2567
2567
2568
2568
2569
2569
2570
2570
2571
2571
2572
2572
2573
2573
2574
2575
2575
2576
2576
2577
2577
2578
2578
2579
2579
2580
2580
2581
2581
2582
2582
2583
2583
2584
2584
2585
2585
2586
2586
2587
2587
2588
2588
2589
2589
2590
2590
2591
2591
2592
2592
2593
2593
2594
2594
2595
2595
2596
2596
2597
2597
2598
2598
2599
2600
2600
2601
2601
2602
2602
2603
2603
2604
2604
2605
2605
2606
2606
2607
2607
2608
2608
2609
2609
2610
2610
2611
2611
2612
2612
2613
2613
2614
2614
2615
2615
2616
2616
2617
2617
2618
2618
2619
2619
2620
2620
2621
2621
2622
2622
2623
2623
2624
2625
2625
2626
2626
2627
2627
2628
2628
2629
2629
2630
2630
2631
2631
2632
2632
2633
2633
2634
2634
2635
2635
2636
2636
2637
2637
2638
2638
2639
2639
2640
2640
2641
2641
2642
2642
2643
2643
2644
2644
2645
2645
2646
2646
2647
2647
2648
2648
2649
2650
2650
2651
2651
2652
2652
2653
2653
2654
2654
2655
2655
2656
2656
2657
2657
2658
2658
2659
2659
2660
2660
2661
2661
2662
2662
2663
2663
2664
2664
2665
2665
2666
2666
2667
2667
2668
2668
2669
2669
2670
2670
2671
2671
2672
2672
2673
2673
2674
2675
2675
2676
2676
2677
2677
2678
2678
2679
2679
2680
2680
2681
2681
2682
2682
2683
2683
2684
2684
2685
2685
2686
2686
2687
2687
2688
2688
2689
2689
2690
2690
2691
2691
2692
2692
2693
2693
2694
2694
2695
2695
2696
2696
2697
2697
2698
2698
2699
2700
2700
2701
2701
2702
2702
2703
2703
2704
2704
2705
2705
2706
2706
2707
2707
2708
2708
2709
2709
2710
2710
2711
2711
2712
2712
2713
2713
2714
2714
2715
2715
2716
2716
2717
2717
2718
2718
2719
2719
2720
2720
2721
2721
2722
2722
2723
2723
2724
2725
2725
2726
2726
2727
2727
2728
2728
2729
2729
2730
2730
2731
2731
2732
2732
2733
2733
2734
2734
2735
2735
2736
2736
2737
2737
2738
2738
2739
2739
2740
2740
2741
2741
2742
2742
2743
2743
2744
2744
2745
2745
2746
2746
2747
2747
2748
2748
2749
2750
2750
2751
2751
2752
2752
2753
2753
2754
2754
2755
2755
2756
2756
2757
2757
2758
2758
2759
2759
2760
2760
2761
2761
2762
2762
2763
2763
2764
2764
2765
2765
2766
2766
2767
2767
2768
2768
2769
2769
2770
2770
2771
2771
2772
2772
2773
2773
2774
2775
2775
2776
2776
2777
2777
2778
2778
2779
2779
2780
2780
2781
2781
2782
2782
2783
2783
2784
2784
2785
2785
2786
2786
2787
2787
2788
2788
2789
2789
2790
2790
2791
2791
2792
2792
2793
2793
2794
2794
2795
2795
2796
2796
2797
2797
2798
2798
2799
2800
2800
2801
2801
2802
2802
2803
2803
2804
2804
2805
2805
2806
2806
2807
2807
2808
2808
2809
2809
2810
2810
2811
2811
2812
2812
2813
2813
2814
2814
2815
2815
2816
2816
2817
2817
2818
2818
2819
2819
2820
2820
2821
2821
2822
2822
2823
2823
2824
2825
2825
2826
2826
2827
2827
2828
2828
2829
2829
2830
2830
2831
2831
2832
2832
2833
2833
2834
2834
2835
2835
2836
2836
2837
2837
2838
2838
2839
2839
2840
2840
2841
2841
2842
2842
2843
2843
2844
2844
2845
2845
2846
2846
2847
2847
2848
2848
2849
2850
2850
2851
2851
2852
2852
2853
2853
2854
2854
2855
2855
2856
2856
2857
2857
2858
2858
2859
2859
2860
2860
2861
2861
2862
2862
2863
2863
2864
2864
2865
2865
2866
2866
2867
2867
2868
2868
2869
2869
2870
2870
2871
2871
2872
2872
2873
2873
2874
2875
2875
2876
2876
2877
2877
2878
2878
2879
2879
2880
2880
2881
2881
2882
2882
2883
2883
2884
2884
2885
2885
2886
2886
2887
2887
2888
2888
2889
2889
2890
2890
2891
2891
2892
2892
2893
2893
2894
2894
2895
2895
2896
2896
2897
2897
2898
2898
2899
2900
2900
2901
2901
2902
2902
2903
2903
2904
2904
2905
2905
2906
2906
2907
2907
2908
2908
2909
2909
2910
2910
2911
2911
2912
2912
2913
2913
2914
2914
2915
2915
2916
2916
2917
2917
2918
2918
2919
2919
2920
2920
2921
2921
2922
2922
2923
2923
2924
2925
2925
2926
2926
2927
2927
2928
2928
2929
2929
2930
2930
2931
2931
2932
2932
2933
2933
2934
2934
2935
2935
2936
2936
2937
2937
2938
2938
2939
2939
2940
2940
2941
2941
2942
2942
2943
2943
2944
2944
2945
2945
2946
2946
2947
2947
2948
2948
2949
2950
2950
2951
2951
2952
2952
2953
2953
2954
2954
2955
2955
2956
2956
2957
2957
2958
2958
2959
2959
2960
2960
2961
2961
2962
2962
2963
2963
2964
2964
2965
2965
2966
2966
2967
2967
2968
2968
2969
2969
2970
2970
2971
2971
2972
2972
2973
2973
2974
2975
2976
2977
2978
2979
2980
2981
2982
2983
2984
2985
2986
2987
2988
2989
2990
2991
2992
2993
2994
2995
2996
2997
2998
3000
3000
3001
3001
3002
3002
3003
3003
3004
3004
3005
3005
3006
3006
3007
3007
3008
3008
3009
3009
3010
3010
3011
3011
3012
3012
3013
3013
3014
3014
3015
3015
3016
3016
3017
3017
3018
3018
3019
3019
3020
3020
3021
3021
3022
3022
3023
3023
3024
3025
3025
3026
3026
3027
3027
3028
3028
3029
3029
3030
3030
3031
3031
3032
3032
3033
3033
3034
3034
3035
3035
3036
3036
3037
3037
3038
3038
3039
3039
3040
3040
3041
3041
3042
3042
3043
3043
3044
3044
3045
3045
3046
3046
3047
3047
3048
3048
3049
3050
3050
3051
3051
3052
3052
3053
3053
3054
3054
3055
3055
3056
3056
3057
3057
3058
3058
3059
3059
3060
3060
3061
3061
3062
3062
3063
3063
3064
3064
3065
3065
3066
3066
3067
3067
3068
3068
3069
3069
3070
3070
3071
3071
3072
3072
3073
3073
3074
3075
3075
3076
3076
3077
3077
3078
3078
3079
3079
3080
3080
3081
3081
3082
3082
3083
3083
3084
3084
3085
3085
3086
3086
3087
3087
3088
3088
3089
3089
3090
3090
3091
3091
3092
3092
3093
3093
3094
3094
3095
3095
3096
3096
3097
3097
3098
3098
3099
3100
3100
3101
3101
3102
3102
3103
3103
3104
3104
3105
3105
3106
3106
3107
3107
3108
3108
3109
3109
3110
3110
3111
3111
3112
3112
3113
3113
3114
3114
3115
3115
3116
3116
3117
3117
3118
3118
3119
3119
3120
3120
3121
3121
3122
3122
3123
3123
3124
3125
3125
3126
3126
3127
3127
3128
3128
3129
3129
3130
3130
3131
3131
3132
3132
3133
3133
3134
3134
3135
3135
3136
3136
3137
3137
3138
3138
3139
3139
3140
3140
3141
3141
3142
3142
3143
3143
3144
3144
3145
3145
3146
3146
3147
3147
3148
3148
3149
3150
3150
3151
3151
3152
3152
3153
3153
3154
3154
3155
3155
3156
3156
3157
3157
3158
3158
3159
3159
3160
3160
3161
3161
3162
3162
3163
3163
3164
3164
3165
3165
3166
3166
3167
3167
3168
3168
3169
3169
3170
3170
3171
3171
3172
3172
3173
3173
3174
3175
3175
3176
3176
3177
3177
3178
3178
3179
3179
3180
3180
3181
3181
3182
3182
3183
3183
3184
3184
3185
3185
3186
3186
3187
3187
3188
3188
3189
3189
3190
3190
3191
3191
3192
3192
3193
3193
3194
3194
3195
3195
3196
3196
3197
3197
3198
3198
3199
3200
3200
3201
3201
3202
3202
3203
3203
3204
3204
3205
3205
3206
3206
3207
3207
3208
3208
3209
3209
3210
3210
3211
3211
3212
3212
3213
3213
3214
3214
3215
3215
3216
3216
3217
3217
3218
3218
3219
3219
3220
3220
3221
3221
3222
3222
3223
3223
3224
3225
3225
3226
3226
3227
3227
3228
3228
3229
3229
3230
3230
3231
3231
3232
3232
3233
3233
3234
3234
3235
3235
3236
3236
3237
3237
3238
3238
3239
3239
3240
3240
3241
3241
3242
3242
3243
3243
3244
3244
3245
3245
3246
3246
3247
3247
3248
3248
3249
3250
3250
3251
3251
3252
3252
3253
3253
3254
3254
3255
3255
3256
3256
3257
3257
3258
3258
3259
3259
3260
3260
3261
3261
3262
3262
3263
3263
3264
3264
3265
3265
3266
3266
3267
3267
3268
3268
3269
3269
3270
3270
3271
3271
3272
3272
3273
3273
3274
3275
3275
3276
3276
3277
3277
3278
3278
3279
3279
3280
3280
3281
3281
3282
3282
3283
3283
3284
3284
3285
3285
3286
3286
3287
3287
3288
3288
3289
3289
3290
3290
3291
3291
3292
3292
3293
3293
3294
3294
3295
3295
3296
3296
3297
3297
3298
3298
3299
3300
3300
3301
3301
3302
3302
3303
3303
3304
3304
3305
3305
3306
3306
3307
3307
3308
3308
3309
3309
3310
3310
3311
3311
3312
3312
3313
3313
3314
3314
3315
3315
3316
3316
3317
3317
3318
3318
3319
3319
3320
3320
3321
3321
3322
3322
3323
3323
3324
3325
3325
3326
3326
3327
3327
3328
3328
3329
3329
3330
3330
3331
3331
3332
3332
3333
3333
3334
3334
3335
3335
3336
3336
3337
3337
3338
3338
3339
3339
3340
3340
3341
3341
3342
3342
3343
3343
3344
3344
3345
3345
3346
3346
3347
3347
3348
3348
3349
3350
3350
3351
3351
3352
3352
3353
3353
3354
3354
3355
3355
3356
3356
3357
3357
3358
3358
3359
3359
3360
3360
3361
3361
3362
3362
3363
3363
3364
3364
3365
3365
3366
3366
3367
3367
3368
3368
3369
3369
3370
3370
3371
3371
3372
3372
3373
3373
3374
3375
3375
3376
3376
3377
3377
3378
3378
3379
3379
3380
3380
3381
3381
3382
3382
3383
3383
3384
3384
3385
3385
3386
3386
3387
3387
3388
3388
3389
3389
3390
3390
3391
3391
3392
3392
3393
3393
3394
3394
3395
3395
3396
3396
3397
3397
3398
3398
3399
3400
3400
3401
3401
3402
3402
3403
3403
3404
3404
3405
3405
3406
3406
3407
3407
3408
3408
3409
3409
3410
3410
3411
3411
3412
3412
3413
3413
3414
3414
3415
3415
3416
3416
3417
3417
3418
3418
3419
3419
3420
3420
3421
3421
3422
3422
3423
3423
3424
3425
3425
3426
3426
3427
3427
3428
3428
3429
3429
3430
3430
3431
3431
3432
3432
3433
3433
3434
3434
3435
3435
3436
3436
3437
3437
3438
3438
3439
3439
3440
3440
3441
3441
3442
3442
3443
3443
3444
3444
3445
3445
3446
3446
3447
3447
3448
3448
3449
3450
3450
3451
3451
3452
3452
3453
3453
3454
3454
3455
3455
3456
3456
3457
3457
3458
3458
3459
3459
3460
3460
3461
3461
3462
3462
3463
3463
3464
3464
3465
3465
3466
3466
3467
3467
3468
3468
3469
3469
3470
3470
3471
3471
3472
3472
3473
3473
3474
3475
3475
3476
3476
3477
3477
3478
3478
3479
3479
3480
3480
3481
3481
3482
3482
3483
3483
3484
3484
3485
3485
3486
3486
3487
3487
3488
3488
3489
3489
3490
3490
3491
3491
3492
3492
3493
3493
3494
3494
3495
3495
3496
3496
3497
3497
3498
3498
3499
3500
3500
3501
3501
3502
3502
3503
3503
3504
3504
3505
3505
3506
3506
3507
3507
3508
3508
3509
3509
3510
3510
3511
3511
3512
3512
3513
3513
3514
3514
3515
3515
3516
3516
3517
3517
3518
3518
3519
3519
3520
3520
3521
3521
3522
3522
3523
3523
3524
3525
3525
3526
3526
3527
3527
3528
3528
3529
3529
3530
3530
3531
3531
3532
3532
3533
3533
3534
3534
3535
3535
3536
3536
3537
3537
3538
3538
3539
3539
3540
3540
3541
3541
3542
3542
3543
3543
3544
3544
3545
3545
3546
3546
3547
3547
3548
3548
3549
3550
3550
3551
3551
3552
3552
3553
3553
3554
3554
3555
3555
3556
3556
3557
3557
3558
3558
3559
3559
3560
3560
3561
3561
3562
3562
3563
3563
3564
3564
3565
3565
3566
3566
3567
3567
3568
3568
3569
3569
3570
3570
3571
3571
3572
3572
3573
3573
3574
3575
3575
3576
3576
3577
3577
3578
3578
3579
3579
3580
3580
3581
3581
3582
3582
3583
3583
3584
3584
3585
3585
3586
3586
3587
3587
3588
3588
3589
3589
3590
3590
3591
3591
3592
3592
3593
3593
3594
3594
3595
3595
3596
3596
3597
3597
3598
3598
3599
3600
3601
3602
3603
3604
3605
3606
3607
3608
3609
3610
3611
3612
3613
3614
3615
3616
3617
3618
3619
3620
3621
3622
3623
2975
2976
2977
2978
2979
2980
2981
2982
2983
2984
2985
2986
2987
2988
2989
2990
2991
2992
2993
2994
2995
2996
2997
2998
2999
750
751
752
753
754
755
756
757
758
759
760
761
762
763
764
765
766
767
768
769
770
771
772
773
774
1529
1559
1589
1619
1649
1679
1709
1739
1769
1799
1829
1859
1889
1919
1949
1979
2009
2039
2069
2099
2129
2159
2189
2219
2249
0
30
60
90
120
150
180
210
240
270
300
330
360
390
420
450
480
510
540
570
600
630
660
690
720
0
1
2
3
4
5
6
7
8
9
10
11
12
13
14
15
16
17
18
19
20
21
22
23
24
25
26
27
28
29
750
775
800
825
850
875
900
925
950
975
1000
1025
1050
1075
1100
1125
1150
1175
1200
1225
1250
1275
1300
1325
1350
1375
1400
1425
1450
1475
774
799
824
849
874
899
924
949
974
999
1024
1049
1074
1099
1124
1149
1174
1199
1224
1249
1274
1299
1324
1349
1374
1399
1424
1449
1474
1499
1500
1501
1502
1503
1504
1505
1506
1507
1508
1509
1510
1511
1512
1513
1514
1515
1516
1517
1518
1519
1520
1521
1522
1523
1524
1525
1526
1527
1528
1529
2220
2221
2222
2223
2224
2225
2226
2227
2228
2229
2230
2231
2232
2233
2234
2235
2236
2237
2238
2239
2240
2241
2242
2243
2244
2245
2246
2247
2248
2249
2274
2299
2324
2349
2374
2399
2424
2449
2474
2499
2524
2549
2574
2599
2624
2649
2674
2699
2724
2749
2774
2799
2824
2849
2874
2899
2924
2949
2974
2999
2250
2275
2300
2325
2350
2375
2400
2425
2450
2475
2500
2525
2550
2575
2600
2625
2650
2675
2700
2725
2750
2775
2800
2825
2850
2875
2900
2925
2950
2975
720
721
722
723
724
725
726
727
728
729
730
731
732
733
734
735
736
737
738
739
740
741
742
743
744
745
746
747
748
749
0
30
60
90
120
150
180
210
240
270
300
330
360
390
420
450
480
510
540
570
600
630
660
690
720
1
31
61
91
121
151
181
211
241
271
301
331
361
391
421
451
481
511
541
571
601
631
661
691
721
2
32
62
92
122
152
182
212
242
272
302
332
362
392
422
452
482
512
542
572
602
632
662
692
722
3
33
63
93
123
153
183
213
243
273
303
333
363
393
423
453
483
513
543
573
603
633
663
693
723
4
34
64
94
124
154
184
214
244
274
304
334
364
394
424
454
484
514
544
574
604
634
664
694
724
5
35
65
95
125
155
185
215
245
275
305
335
365
395
425
455
485
515
545
575
605
635
665
695
725
6
36
66
96
126
156
186
216
246
276
306
336
366
396
426
456
486
516
546
576
606
636
666
696
726
7
37
67
97
127
157
187
217
247
277
307
337
367
397
427
457
487
517
547
577
607
637
667
697
727
8
38
68
98
128
158
188
218
248
278
308
338
368
398
428
458
488
518
548
578
608
638
668
698
728
9
39
69
99
129
159
189
219
249
279
309
339
369
399
429
459
489
519
549
579
609
639
669
699
729
10
40
70
100
130
160
190
220
250
280
310
340
370
400
430
460
490
520
550
580
610
640
670
700
730
11
41
71
101
131
161
191
221
251
281
311
341
371
401
431
461
491
521
551
581
611
641
671
701
731
12
42
72
102
132
162
192
222
252
282
312
342
372
402
432
462
492
522
552
582
612
642
672
702
732
13
43
73
103
133
163
193
223
253
283
313
343
373
403
433
463
493
523
553
583
613
643
673
703
733
14
44
74
104
134
164
194
224
254
284
314
344
374
404
434
464
494
524
554
584
614
644
674
704
734
15
45
75
105
135
165
195
225
255
285
315
345
375
405
435
465
495
525
555
585
615
645
675
705
735
16
46
76
106
136
166
196
226
256
286
316
346
376
406
436
466
496
526
556
586
616
646
676
706
736
17
47
77
107
137
167
197
227
257
287
317
347
377
407
437
467
497
527
557
587
617
647
677
707
737
18
48
78
108
138
168
198
228
258
288
318
348
378
408
438
468
498
528
558
588
618
648
678
708
738
19
49
79
109
139
169
199
229
259
289
319
349
379
409
439
469
499
529
559
589
619
649
679
709
739
20
50
80
110
140
170
200
230
260
290
320
350
380
410
440
470
500
530
560
590
620
650
680
710
740
21
51
81
111
141
171
201
231
261
291
321
351
381
411
441
471
501
531
561
591
621
651
681
711
741
22
52
82
112
142
172
202
232
262
292
322
352
382
412
442
472
502
532
562
592
622
652
682
712
742
23
53
83
113
143
173
203
233
263
293
323
353
383
413
443
473
503
533
563
593
623
653
683
713
743
24
54
84
114
144
174
204
234
264
294
324
354
384
414
444
474
504
534
564
594
624
654
684
714
744
25
55
85
115
145
175
205
235
265
295
325
355
385
415
445
475
505
535
565
595
625
655
685
715
745
26
56
86
116
146
176
206
236
266
296
326
356
386
416
446
476
506
536
566
596
626
656
686
716
746
27
57
87
117
147
177
207
237
267
297
327
357
387
417
447
477
507
537
567
597
627
657
687
717
747
28
58
88
118
148
178
208
238
268
298
328
358
388
418
448
478
508
538
568
598
628
658
688
718
748
29
59
89
119
149
179
209
239
269
299
329
359
389
419
449
479
509
539
569
599
629
659
689
719
749
750
775
800
825
850
875
900
925
950
975
1000
1025
1050
1075
1100
1125
1150
1175
1200
1225
1250
1275
1300
1325
1350
1375
1400
1425
1450
1475
751
776
801
826
851
876
901
926
951
976
1001
1026
1051
1076
1101
1126
1151
1176
1201
1226
1251
1276
1301
1326
1351
1376
1401
1426
1451
1476
752
777
802
827
852
877
902
927
952
977
1002
1027
1052
1077
1102
1127
1152
1177
1202
1227
1252
1277
1302
1327
1352
1377
1402
1427
1452
1477
753
778
803
828
853
878
903
928
953
978
1003
1028
1053
1078
1103
1128
1153
1178
1203
1228
1253
1278
1303
1328
1353
1378
1403
1428
1453
1478
754
779
804
829
854
879
904
929
954
979
1004
1029
1054
1079
1104
1129
1154
1179
1204
1229
1254
1279
1304
1329
1354
1379
1404
1429
1454
1479
755
780
805
830
855
880
905
930
955
980
1005
1030
1055
1080
1105
1130
1155
1180
1205
1230
1255
1280
1305
1330
1355
1380
1405
1430
1455
1480
756
781
806
831
856
881
906
931
956
981
1006
1031
1056
1081
1106
1131
1156
1181
1206
1231
1256
1281
1306
1331
1356
1381
1406
1431
1456
1481
757
782
807
832
857
882
907
932
957
982
1007
1032
1057
1082
1107
1132
1157
1182
1207
1232
1257
1282
1307
1332
1357
1382
1407
1432
1457
1482
758
783
808
833
858
883
908
933
958
983
1008
1033
1058
1083
1108
1133
1158
1183
1208
1233
1258
1283
1308
1333
1358
1383
1408
1433
1458
1483
759
784
809
834
859
884
909
934
959
984
1009
1034
1059
1084
1109
1134
1159
1184
1209
1234
1259
1284
1309
1334
1359
1384
1409
1434
1459
1484
760
785
810
835
860
885
910
935
960
985
1010
1035
1060
1085
1110
1135
1160
1185
1210
1235
1260
1285
1310
1335
1360
1385
1410
1435
1460
1485
761
786
811
836
861
886
911
936
961
986
1011
1036
1061
1086
1111
1136
1161
1186
1211
1236
1261
1286
1311
1336
1361
1386
1411
1436
1461
1486
762
787
812
837
862
887
912
937
962
987
1012
1037
1062
1087
1112
1137
1162
1187
1212
1237
1262
1287
1312
1337
1362
1387
1412
1437
1462
1487
763
788
813
838
863
888
913
938
963
988
1013
1038
1063
1088
1113
1138
1163
1188
1213
1238
1263
1288
1313
1338
1363
1388
1413
1438
1463
1488
764
789
814
839
864
889
914
939
964
989
1014
1039
1064
1089
1114
1139
1164
1189
1214
1239
1264
1289
1314
1339
1364
1389
1414
1439
1464
1489
765
790
815
840
865
890
915
940
965
990
1015
1040
1065
1090
1115
1140
1165
1190
1215
1240
1265
1290
1315
1340
1365
1390
1415
1440
1465
1490
766
791
816
841
866
891
916
941
966
991
1016
1041
1066
1091
1116
1141
1166
1191
1216
1241
1266
1291
1316
1341
1366
1391
1416
1441
1466
1491
767
792
817
842
867
892
917
942
967
992
1017
1042
1067
1092
1117
1142
1167
1192
1217
1242
1267
1292
1317
1342
1367
1392
1417
1442
1467
1492
768
793
818
843
868
893
918
943
968
993
1018
1043
1068
1093
1118
1143
1168
1193
1218
1243
1268
1293
1318
1343
1368
1393
1418
1443
1468
1493
769
794
819
844
869
894
919
944
969
994
1019
1044
1069
1094
1119
1144
1169
1194
1219
1244
1269
1294
1319
1344
1369
1394
1419
1444
1469
1494
770
795
820
845
870
895
920
945
970
995
1020
1045
1070
1095
1120
1145
1170
1195
1220
1245
1270
1295
1320
1345
1370
1395
1420
1445
1470
1495
771
796
821
846
871
896
921
946
971
996
1021
1046
1071
1096
1121
1146
1171
1196
1221
1246
1271
1296
1321
1346
1371
1396
1421
1446
1471
1496
772
797
822
847
872
897
922
947
972
997
1022
1047
1072
1097
1122
1147
1172
1197
1222
1247
1272
1297
1322
1347
1372
1397
1422
1447
1472
1497
773
798
823
848
873
898
923
948
973
998
1023
1048
1073
1098
1123
1148
1173
1198
1223
1248
1273
1298
1323
1348
1373
1398
1423
1448
1473
1498
774
799
824
849
874
899
924
949
974
999
1024
1049
1074
1099
1124
1149
1174
1199
1224
1249
1274
1299
1324
1349
1374
1399
1424
1449
1474
1499
1500
1530
1560
1590
1620
1650
1680
1710
1740
1770
1800
1830
1860
1890
1920
1950
1980
2010
2040
2070
2100
2130
2160
2190
2220
1501
1531
1561
1591
1621
1651
1681
1711
1741
1771
1801
1831
1861
1891
1921
1951
1981
2011
2041
2071
2101
2131
2161
2191
2221
1502
1532
1562
1592
1622
1652
1682
1712
1742
1772
1802
1832
1862
1892
1922
1952
1982
2012
2042
2072
2102
2132
2162
2192
2222
1503
1533
1563
1593
1623
1653
1683
1713
1743
1773
1803
1833
1863
1893
1923
1953
1983
2013
2043
2073
2103
2133
2163
2193
2223
1504
1534
1564
1594
1624
1654
1684
1714
1744
1774
1804
1834
1864
1894
1924
1954
1984
2014
2044
2074
2104
2134
2164
2194
2224
1505
1535
1565
1595
1625
1655
1685
1715
1745
1775
1805
1835
1865
1895
1925
1955
1985
2015
2045
2075
2105
2135
2165
2195
2225
1506
1536
1566
1596
1626
1656
1686
1716
1746
1776
1806
1836
1866
1896
1926
1956
1986
2016
2046
2076
2106
2136
2166
2196
2226
1507
1537
1567
1597
1627
1657
1687
1717
1747
1777
1807
1837
1867
1897
1927
1957
1987
2017
2047
2077
2107
2137
2167
2197
2227
1508
1538
1568
1598
1628
1658
1688
1718
1748
1778
1808
1838
1868
1898
1928
1958
1988
2018
2048
2078
2108
2138
2168
2198
2228
1509
1539
1569
1599
1629
1659
1689
1719
1749
1779
1809
1839
1869
1899
1929
1959
1989
2019
2049
2079
2109
2139
2169
2199
2229
1510
1540
1570
1600
1630
1660
1690
1720
1750
1780
1810
1840
1870
1900
1930
1960
1990
2020
2050
2080
2110
2140
2170
2200
2230
1511
1541
1571
1601
1631
1661
1691
1721
1751
1781
1811
1841
1871
1901
1931
1961
1991
2021
2051
2081
2111
2141
2171
2201
2231
1512
1542
1572
1602
1632
1662
1692
1722
1752
1782
1812
1842
1872
1902
1932
1962
1992
2022
2052
2082
2112
2142
2172
2202
2232
1513
1543
1573
1603
1633
1663
1693
1723
1753
1783
1813
1843
1873
1903
1933
1963
1993
2023
2053
2083
2113
2143
2173
2203
2233
1514
1544
1574
1604
1634
1664
1694
1724
1754
1784
1814
1844
1874
1904
1934
1964
1994
2024
2054
2084
2114
2144
2174
2204
2234
1515
1545
1575
1605
1635
1665
1695
1725
1755
1785
1815
1845
1875
1905
1935
1965
1995
2025
2055
2085
2115
2145
2175
2205
2235
1516
1546
1576
1606
1636
1666
1696
1726
1756
1786
1816
1846
1876
1906
1936
1966
1996
2026
2056
2086
2116
2146
2176
2206
2236
1517
1547
1577
1607
1637
1667
1697
1727
1757
1787
1817
1847
1877
1907
1937
1967
1997
2027
2057
2087
2117
2147
2177
2207
2237
1518
1548
1578
1608
1638
1668
1698
1728
1758
1788
1818
1848
1878
1908
1938
1968
1998
2028
2058
2088
2118
2148
2178
2208
2238
1519
1549
1579
1609
1639
1669
1699
1729
1759
1789
1819
1849
1879
1909
1939
1969
1999
2029
2059
2089
2119
2149
2179
2209
2239
1520
1550
1580
1610
1640
1670
1700
1730
1760
1790
1820
1850
1880
1910
1940
1970
2000
2030
2060
2090
2120
2150
2180
2210
2240
1521
1551
1581
1611
1641
1671
1701
1731
1761
1791
1821
1851
1881
1911
1941
1971
2001
2031
2061
2091
2121
2151
2181
2211
2241
1522
1552
1582
1612
1642
1672
1702
1732
1762
1792
1822
1852
1882
1912
1942
1972
2002
2032
2062
2092
2122
2152
2182
2212
2242
1523
1553
1583
1613
1643
1673
1703
1733
1763
1793
1823
1853
1883
1913
1943
1973
2003
2033
2063
2093
2123
2153
2183
2213
2243
1524
1554
1584
1614
1644
1674
1704
1734
1764
1794
1824
1854
1884
1914
1944
1974
2004
2034
2064
2094
2124
2154
2184
2214
2244
1525
1555
1585
1615
1645
1675
1705
1735
1765
1795
1825
1855
1885
1915
1945
1975
2005
2035
2065
2095
2125
2155
2185
2215
2245
1526
1556
1586
1616
1646
1676
1706
1736
1766
1796
1826
1856
1886
1916
1946
1976
2006
2036
2066
2096
2126
2156
2186
2216
2246
1527
1557
1587
1617
1647
1677
1707
1737
1767
1797
1827
1857
1887
1917
1947
1977
2007
2037
2067
2097
2127
2157
2187
2217
2247
1528
1558
1588
1618
1648
1678
1708
1738
1768
1798
1828
1858
1888
1918
1948
1978
2008
2038
2068
2098
2128
2158
2188
2218
2248
1529
1559
1589
1619
1649
1679
1709
1739
1769
1799
1829
1859
1889
1919
1949
1979
2009
2039
2069
2099
2129
2159
2189
2219
2249
2250
2275
2300
2325
2350
2375
2400
2425
2450
2475
2500
2525
2550
2575
2600
2625
2650
2675
2700
2725
2750
2775
2800
2825
2850
2875
2900
2925
2950
2975
2251
2276
2301
2326
2351
2376
2401
2426
2451
2476
2501
2526
2551
2576
2601
2626
2651
2676
2701
2726
2751
2776
2801
2826
2851
2876
2901
2926
2951
2976
2252
2277
2302
2327
2352
2377
2402
2427
2452
2477
2502
2527
2552
2577
2602
2627
2652
2677
2702
2727
2752
2777
2802
2827
2852
2877
2902
2927
2952
2977
2253
2278
2303
2328
2353
2378
2403
2428
2453
2478
2503
2528
2553
2578
2603
2628
2653
2678
2703
2728
2753
2778
2803
2828
2853
2878
2903
2928
2953
2978
2254
2279
2304
2329
2354
2379
2404
2429
2454
2479
2504
2529
2554
2579
2604
2629
2654
2679
2704
2729
2754
2779
2804
2829
2854
2879
2904
2929
2954
2979
2255
2280
2305
2330
2355
2380
2405
2430
2455
2480
2505
2530
2555
2580
2605
2630
2655
2680
2705
2730
2755
2780
2805
2830
2855
2880
2905
2930
2955
2980
2256
2281
2306
2331
2356
2381
2406
2431
2456
2481
2506
2531
2556
2581
2606
2631
2656
2681
2706
2731
2756
2781
2806
2831
2856
2881
2906
2931
2956
2981
2257
2282
2307
2332
2357
2382
2407
2432
2457
2482
2507
2532
2557
2582
2607
2632
2657
2682
2707
2732
2757
2782
2807
2832
2857
2882
2907
2932
2957
2982
2258
2283
2308
2333
2358
2383
2408
2433
2458
2483
2508
2533
2558
2583
2608
2633
2658
2683
2708
2733
2758
2783
2808
2833
2858
2883
2908
2933
2958
2983
2259
2284
2309
2334
2359
2384
2409
2434
2459
2484
2509
2534
2559
2584
2609
2634
2659
2684
2709
2734
2759
2784
2809
2834
2859
2884
2909
2934
2959
2984
2260
2285
2310
2335
2360
2385
2410
2435
2460
2485
2510
2535
2560
2585
2610
2635
2660
2685
2710
2735
2760
2785
2810
2835
2860
2885
2910
2935
2960
2985
2261
2286
2311
2336
2361
2386
2411
2436
2461
2486
2511
2536
2561
2586
2611
2636
2661
2686
2711
2736
2761
2786
2811
2836
2861
2886
2911
2936
2961
2986
2262
2287
2312
2337
2362
2387
2412
2437
2462
2487
2512
2537
2562
2587
2612
2637
2662
2687
2712
2737
2762
2787
2812
2837
2862
2887
2912
2937
2962
2987
2263
2288
2313
2338
2363
2388
2413
2438
2463
2488
2513
2538
2563
2588
2613
2638
2663
2688
2713
2738
2763
2788
2813
2838
2863
2888
2913
2938
2963
2988
2264
2289
2314
2339
2364
2389
2414
2439
2464
2489
2514
2539
2564
2589
2614
2639
2664
2689
2714
2739
2764
2789
2814
2839
2864
2889
2914
2939
2964
2989
2265
2290
2315
2340
2365
2390
2415
2440
2465
2490
2515
2540
2565
2590
2615
2640
2665
2690
2715
2740
2765
2790
2815
2840
2865
2890
2915
2940
2965
2990
2266
2291
2316
2341
2366
2391
2416
2441
2466
2491
2516
2541
2566
2591
2616
2641
2666
2691
2716
2741
2766
2791
2816
2841
2866
2891
2916
2941
2966
2991
2267
2292
2317
2342
2367
2392
2417
2442
2467
2492
2517
2542
2567
2592
2617
2642
2667
2692
2717
2742
2767
2792
2817
2842
2867
2892
2917
2942
2967
2992
2268
2293
2318
2343
2368
2393
2418
2443
2468
2493
2518
2543
2568
2593
2618
2643
2668
2693
2718
2743
2768
2793
2818
2843
2868
2893
2918
2943
2968
2993
2269
2294
2319
2344
2369
2394
2419
2444
2469
2494
2519
2544
2569
2594
2619
2644
2669
2694
2719
2744
2769
2794
2819
2844
2869
2894
2919
2944
2969
2994
2270
2295
2320
2345
2370
2395
2420
2445
2470
2495
2520
2545
2570
2595
2620
2645
2670
2695
2720
2745
2770
2795
2820
2845
2870
2895
2920
2945
2970
2995
2271
2296
2321
2346
2371
2396
2421
2446
2471
2496
2521
2546
2571
2596
2621
2646
2671
2696
2721
2746
2771
2796
2821
2846
2871
2896
2921
2946
2971
2996
2272
2297
2322
2347
2372
2397
2422
2447
2472
2497
2522
2547
2572
2597
2622
2647
2672
2697
2722
2747
2772
2797
2822
2847
2872
2897
2922
2947
2972
2997
2273
2298
2323
2348
2373
2398
2423
2448
2473
2498
2523
2548
2573
2598
2623
2648
2673
2698
2723
2748
2773
2798
2823
2848
2873
2898
2923
2948
2973
2998
2274
2299
2324
2349
2374
2399
2424
2449
2474
2499
2524
2549
2574
2599
2624
2649
2674
2699
2724
2749
2774
2799
2824
2849
2874
2899
2924
2949
2974
2999
3000
3025
3050
3075
3100
3125
3150
3175
3200
3225
3250
3275
3300
3325
3350
3375
3400
3425
3450
3475
3500
3525
3550
3575
3600
3001
3026
3051
3076
3101
3126
3151
3176
3201
3226
3251
3276
3301
3326
3351
3376
3401
3426
3451
3476
3501
3526
3551
3576
3601
3002
3027
3052
3077
3102
3127
3152
3177
3202
3227
3252
3277
3302
3327
3352
3377
3402
3427
3452
3477
3502
3527
3552
3577
3602
3003
3028
3053
3078
3103
3128
3153
3178
3203
3228
3253
3278
3303
3328
3353
3378
3403
3428
3453
3478
3503
3528
3553
3578
3603
3004
3029
3054
3079
3104
3129
3154
3179
3204
3229
3254
3279
3304
3329
3354
3379
3404
3429
3454
3479
3504
3529
3554
3579
3604
3005
3030
3055
3080
3105
3130
3155
3180
3205
3230
3255
3280
3305
3330
3355
3380
3405
3430
3455
3480
3505
3530
3555
3580
3605
3006
3031
3056
3081
3106
3131
3156
3181
3206
3231
3256
3281
3306
3331
3356
3381
3406
3431
3456
3481
3506
3531
3556
3581
3606
3007
3032
3057
3082
3107
3132
3157
3182
3207
3232
3257
3282
3307
3332
3357
3382
3407
3432
3457
3482
3507
3532
3557
3582
3607
3008
3033
3058
3083
3108
3133
3158
3183
3208
3233
3258
3283
3308
3333
3358
3383
3408
3433
3458
3483
3508
3533
3558
3583
3608
3009
3034
3059
3084
3109
3134
3159
3184
3209
3234
3259
3284
3309
3334
3359
3384
3409
3434
3459
3484
3509
3534
3559
3584
3609
3010
3035
3060
3085
3110
3135
3160
3185
3210
3235
3260
3285
3310
3335
3360
3385
3410
3435
3460
3485
3510
3535
3560
3585
3610
3011
3036
3061
3086
3111
3136
3161
3186
3211
3236
3261
3286
3311
3336
3361
3386
3411
3436
3461
3486
3511
3536
3561
3586
3611
3012
3037
3062
3087
3112
3137
3162
3187
3212
3237
3262
3287
3312
3337
3362
3387
3412
3437
3462
3487
3512
3537
3562
3587
3612
3013
3038
3063
3088
3113
3138
3163
3188
3213
3238
3263
3288
3313
3338
3363
3388
3413
3438
3463
3488
3513
3538
3563
3588
3613
3014
3039
3064
3089
3114
3139
3164
3189
3214
3239
3264
3289
3314
3339
3364
3389
3414
3439
3464
3489
3514
3539
3564
3589
3614
3015
3040
3065
3090
3115
3140
3165
3190
3215
3240
3265
3290
3315
3340
3365
3390
3415
3440
3465
3490
3515
3540
3565
3590
3615
3016
3041
3066
3091
3116
3141
3166
3191
3216
3241
3266
3291
3316
3341
3366
3391
3416
3441
3466
3491
3516
3541
3566
3591
3616
3017
3042
3067
3092
3117
3142
3167
3192
3217
3242
3267
3292
3317
3342
3367
3392
3417
3442
3467
3492
3517
3542
3567
3592
3617
3018
3043
3068
3093
3118
3143
3168
3193
3218
3243
3268
3293
3318
3343
3368
3393
3418
3443
3468
3493
3518
3543
3568
3593
3618
3019
3044
3069
3094
3119
3144
3169
3194
3219
3244
3269
3294
3319
3344
3369
3394
3419
3444
3469
3494
3519
3544
3569
3594
3619
3020
3045
3070
3095
3120
3145
3170
3195
3220
3245
3270
3295
3320
3345
3370
3395
3420
3445
3470
3495
3520
3545
3570
3595
3620
3021
3046
3071
3096
3121
3146
3171
3196
3221
3246
3271
3296
3321
3346
3371
3396
3421
3446
3471
3496
3521
3546
3571
3596
3621
3022
3047
3072
3097
3122
3147
3172
3197
3222
3247
3272
3297
3322
3347
3372
3397
3422
3447
3472
3497
3522
3547
3572
3597
3622
3023
3048
3073
3098
3123
3148
3173
3198
3223
3248
3273
3298
3323
3348
3373
3398
3423
3448
3473
3498
3523
3548
3573
3598
3623
3024
3049
3074
3099
3124
3149
3174
3199
3224
3249
3274
3299
3324
3349
3374
3399
3424
3449
3474
3499
3524
3549
3574
3599
3624
0
30
60
90
120
150
180
210
240
270
300
330
360
390
420
450
480
510
540
570
600
630
660
690
720
1
31
61
91
121
151
181
211
241
271
301
331
361
391
421
451
481
511
541
571
601
631
661
691
721
2
32
62
92
122
152
182
212
242
272
302
332
362
392
422
452
482
512
542
572
602
632
662
692
722
3
33
63
93
123
153
183
213
243
273
303
333
363
393
423
453
483
513
543
573
603
633
663
693
723
4
34
64
94
124
154
184
214
244
274
304
334
364
394
424
454
484
514
544
574
604
634
664
694
724
5
35
65
95
125
155
185
215
245
275
305
335
365
395
425
455
485
515
545
575
605
635
665
695
725
6
36
66
96
126
156
186
216
246
276
306
336
366
396
426
456
486
516
546
576
606
636
666
696
726
7
37
67
97
127
157
187
217
247
277
307
337
367
397
427
457
487
517
547
577
607
637
667
697
727
8
38
68
98
128
158
188
218
248
278
308
338
368
398
428
458
488
518
548
578
608
638
668
698
728
9
39
69
99
129
159
189
219
249
279
309
339
369
399
429
459
489
519
549
579
609
639
669
699
729
10
40
70
100
130
160
190
220
250
280
310
340
370
400
430
460
490
520
550
580
610
640
670
700
730
11
41
71
101
131
161
191
221
251
281
311
341
371
401
431
461
491
521
551
581
611
641
671
701
731
12
42
72
102
132
162
192
222
252
282
312
342
372
402
432
462
492
522
552
582
612
642
672
702
732
13
43
73
103
133
163
193
223
253
283
313
343
373
403
433
463
493
523
553
583
613
643
673
703
733
14
44
74
104
134
164
194
224
254
284
314
344
374
404
434
464
494
524
554
584
614
644
674
704
734
15
45
75
105
135
165
195
225
255
285
315
345
375
405
435
465
495
525
555
585
615
645
675
705
735
16
46
76
106
136
166
196
226
256
286
316
346
376
406
436
466
496
526
556
586
616
646
676
706
736
17
47
77
107
137
167
197
227
257
287
317
347
377
407
437
467
497
527
557
587
617
647
677
707
737
18
48
78
108
138
168
198
228
258
288
318
348
378
408
438
468
498
528
558
588
618
648
678
708
738
19
49
79
109
139
169
199
229
259
289
319
349
379
409
439
469
499
529
559
589
619
649
679
709
739
20
50
80
110
140
170
200
230
260
290
320
350
380
410
440
470
500
530
560
590
620
650
680
710
740
21
51
81
111
141
171
201
231
261
291
321
351
381
411
441
471
501
531
561
591
621
651
681
711
741
22
52
82
112
142
172
202
232
262
292
322
352
382
412
442
472
502
532
562
592
622
652
682
712
742
23
53
83
113
143
173
203
233
263
293
323
353
383
413
443
473
503
533
563
593
623
653
683
713
743
24
54
84
114
144
174
204
234
264
294
324
354
384
414
444
474
504
534
564
594
624
654
684
714
744
25
55
85
115
145
175
205
235
265
295
325
355
385
415
445
475
505
535
565
595
625
655
685
715
745
26
56
86
116
146
176
206
236
266
296
326
356
386
416
446
476
506
536
566
596
626
656
686
716
746
27
57
87
117
147
177
207
237
267
297
327
357
387
417
447
477
507
537
567
597
627
657
687
717
747
28
58
88
118
148
178
208
238
268
298
328
358
388
418
448
478
508
538
568
598
628
658
688
718
748
29
59
89
119
149
179
209
239
269
299
329
359
389
419
449
479
509
539
569
599
629
659
689
719
749
750
775
800
825
850
875
900
925
950
975
1000
1025
1050
1075
1100
1125
1150
1175
1200
1225
1250
1275
1300
1325
1350
1375
1400
1425
1450
1475
751
776
801
826
851
876
901
926
951
976
1001
1026
1051
1076
1101
1126
1151
1176
1201
1226
1251
1276
1301
1326
1351
1376
1401
1426
1451
1476
752
777
802
827
852
877
902
927
952
977
1002
1027
1052
1077
1102
1127
1152
1177
1202
1227
1252
1277
1302
1327
1352
1377
1402
1427
1452
1477
753
778
803
828
853
878
903
928
953
978
1003
1028
1053
1078
1103
1128
1153
1178
1203
1228
1253
1278
1303
1328
1353
1378
1403
1428
1453
1478
754
779
804
829
854
879
904
929
954
979
1004
1029
1054
1079
1104
1129
1154
1179
1204
1229
1254
1279
1304
1329
1354
1379
1404
1429
1454
1479
755
780
805
830
855
880
905
930
955
980
1005
1030
1055
1080
1105
1130
1155
1180
1205
1230
1255
1280
1305
1330
1355
1380
1405
1430
1455
1480
756
781
806
831
856
881
906
931
956
981
1006
1031
1056
1081
1106
1131
1156
1181
1206
1231
1256
1281
1306
1331
1356
1381
1406
1431
1456
1481
757
782
807
832
857
882
907
932
957
982
1007
1032
1057
1082
1107
1132
1157
1182
1207
1232
1257
1282
1307
1332
1357
1382
1407
1432
1457
1482
758
783
808
833
858
883
908
933
958
983
1008
1033
1058
1083
1108
1133
1158
1183
1208
1233
1258
1283
1308
1333
1358
1383
1408
1433
1458
1483
759
784
809
834
859
884
909
934
959
984
1009
1034
1059
1084
1109
1134
1159
1184
1209
1234
1259
1284
1309
1334
1359
1384
1409
1434
1459
1484
760
785
810
835
860
885
910
935
960
985
1010
1035
1060
1085
1110
1135
1160
1185
1210
1235
1260
1285
1310
1335
1360
1385
1410
1435
1460
1485
761
786
811
836
861
886
911
936
961
986
1011
1036
1061
1086
1111
1136
1161
1186
1211
1236
1261
1286
1311
1336
1361
1386
1411
1436
1461
1486
762
787
812
837
862
887
912
937
962
987
1012
1037
1062
1087
1112
1137
1162
1187
1212
1237
1262
1287
1312
1337
1362
1387
1412
1437
1462
1487
763
788
813
838
863
888
913
938
963
988
1013
1038
1063
1088
1113
1138
1163
1188
1213
1238
1263
1288
1313
1338
1363
1388
1413
1438
1463
1488
764
789
814
839
864
889
914
939
964
989
1014
1039
1064
1089
1114
1139
1164
1189
1214
1239
1264
1289
1314
1339
1364
1389
1414
1439
1464
1489
765
790
815
840
865
890
915
940
965
990
1015
1040
1065
1090
1115
1140
1165
1190
1215
1240
1265
1290
1315
1340
1365
1390
1415
1440
1465
1490
766
791
816
841
866
891
916
941
966
991
1016
1041
1066
1091
1116
1141
1166
1191
1216
1241
1266
1291
1316
1341
1366
1391
1416
1441
1466
1491
767
792
817
842
867
892
917
942
967
992
1017
1042
1067
1092
1117
1142
1167
1192
1217
1242
1267
1292
1317
1342
1367
1392
1417
1442
1467
1492
768
793
818
843
868
893
918
943
968
993
1018
1043
1068
1093
1118
1143
1168
1193
1218
1243
1268
1293
1318
1343
1368
1393
1418
1443
1468
1493
769
794
819
844
869
894
919
944
969
994
1019
1044
1069
1094
1119
1144
1169
1194
1219
1244
1269
1294
1319
1344
1369
1394
1419
1444
1469
1494
770
795
820
845
870
895
920
945
970
995
1020
1045
1070
1095
1120
1145
1170
1195
1220
1245
1270
1295
1320
1345
1370
1395
1420
1445
1470
1495
771
796
821
846
871
896
921
946
971
996
1021
1046
1071
1096
1121
1146
1171
1196
1221
1246
1271
1296
1321
1346
1371
1396
1421
1446
1471
1496
772
797
822
847
872
897
922
947
972
997
1022
1047
1072
1097
1122
1147
1172
1197
1222
1247
1272
1297
1322
1347
1372
1397
1422
1447
1472
1497
773
798
823
848
873
898
923
948
973
998
1023
1048
1073
1098
1123
1148
1173
1198
1223
1248
1273
1298
1323
1348
1373
1398
1423
1448
1473
1498
774
799
824
849
874
899
924
949
974
999
1024
1049
1074
1099
1124
1149
1174
1199
1224
1249
1274
1299
1324
1349
1374
1399
1424
1449
1474
1499
1500
1530
1560
1590
1620
1650
1680
1710
1740
1770
1800
1830
1860
1890
1920
1950
1980
2010
2040
2070
2100
2130
2160
2190
2220
1501
1531
1561
1591
1621
1651
1681
1711
1741
1771
1801
1831
1861
1891
1921
1951
1981
2011
2041
2071
2101
2131
2161
2191
2221
1502
1532
1562
1592
1622
1652
1682
1712
1742
1772
1802
1832
1862
1892
1922
1952
1982
2012
2042
2072
2102
2132
2162
2192
2222
1503
1533
1563
1593
1623
1653
1683
1713
1743
1773
1803
1833
1863
1893
1923
1953
1983
2013
2043
2073
2103
2133
2163
2193
2223
1504
1534
1564
1594
1624
1654
1684
1714
1744
1774
1804
1834
1864
1894
1924
1954
1984
2014
2044
2074
2104
2134
2164
2194
2224
1505
1535
1565
1595
1625
1655
1685
1715
1745
1775
1805
1835
1865
1895
1925
1955
1985
2015
2045
2075
2105
2135
2165
2195
2225
1506
1536
1566
1596
1626
1656
1686
1716
1746
1776
1806
1836
1866
1896
1926
1956
1986
2016
2046
2076
2106
2136
2166
2196
2226
1507
1537
1567
1597
1627
1657
1687
1717
1747
1777
1807
1837
1867
1897
1927
1957
1987
2017
2047
2077
2107
2137
2167
2197
2227
1508
1538
1568
1598
1628
1658
1688
1718
1748
1778
1808
1838
1868
1898
1928
1958
1988
2018
2048
2078
2108
2138
2168
2198
2228
1509
1539
1569
1599
1629
1659
1689
1719
1749
1779
1809
1839
1869
1899
1929
1959
1989
2019
2049
2079
2109
2139
2169
2199
2229
1510
1540
1570
1600
1630
1660
1690
1720
1750
1780
1810
1840
1870
1900
1930
1960
1990
2020
2050
2080
2110
2140
2170
2200
2230
1511
1541
1571
1601
1631
1661
1691
1721
1751
1781
1811
1841
1871
1901
1931
1961
1991
2021
2051
2081
2111
2141
2171
2201
2231
1512
1542
1572
1602
1632
1662
1692
1722
1752
1782
1812
1842
1872
1902
1932
1962
1992
2022
2052
2082
2112
2142
2172
2202
2232
1513
1543
1573
1603
1633
1663
1693
1723
1753
1783
1813
1843
1873
1903
1933
1963
1993
2023
2053
2083
2113
2143
2173
2203
2233
1514
1544
1574
1604
1634
1664
1694
1724
1754
1784
1814
1844
1874
1904
1934
1964
1994
2024
2054
2084
2114
2144
2174
2204
2234
1515
1545
1575
1605
1635
1665
1695
1725
1755
1785
1815
1845
1875
1905
1935
1965
1995
2025
2055
2085
2115
2145
2175
2205
2235
1516
1546
1576
1606
1636
1666
1696
1726
1756
1786
1816
1846
1876
1906
1936
1966
1996
2026
2056
2086
2116
2146
2176
2206
2236
1517
1547
1577
1607
1637
1667
1697
1727
1757
1787
1817
1847
1877
1907
1937
1967
1997
2027
2057
2087
2117
2147
2177
2207
2237
1518
1548
1578
1608
1638
1668
1698
1728
1758
1788
1818
1848
1878
1908
1938
1968
1998
2028
2058
2088
2118
2148
2178
2208
2238
1519
1549
1579
1609
1639
1669
1699
1729
1759
1789
1819
1849
1879
1909
1939
1969
1999
2029
2059
2089
2119
2149
2179
2209
2239
1520
1550
1580
1610
1640
1670
1700
1730
1760
1790
1820
1850
1880
1910
1940
1970
2000
2030
2060
2090
2120
2150
2180
2210
2240
1521
1551
1581
1611
1641
1671
1701
1731
1761
1791
1821
1851
1881
1911
1941
1971
2001
2031
2061
2091
2121
2151
2181
2211
2241
1522
1552
1582
1612
1642
1672
1702
1732
1762
1792
1822
1852
1882
1912
1942
1972
2002
2032
2062
2092
2122
2152
2182
2212
2242
1523
1553
1583
1613
1643
1673
1703
1733
1763
1793
1823
1853
1883
1913
1943
1973
2003
2033
2063
2093
2123
2153
2183
2213
2243
1524
1554
1584
1614
1644
1674
1704
1734
1764
1794
1824
1854
1884
1914
1944
1974
2004
2034
2064
2094
2124
2154
2184
2214
2244
1525
1555
1585
1615
1645
1675
1705
1735
1765
1795
1825
1855
1885
1915
1945
1975
2005
2035
2065
2095
2125
2155
2185
2215
2245
1526
1556
1586
1616
1646
1676
1706
1736
1766
1796
1826
1856
1886
1916
1946
1976
2006
2036
2066
2096
2126
2156
2186
2216
2246
1527
1557
1587
1617
1647
1677
1707
1737
1767
1797
1827
1857
1887
1917
1947
1977
2007
2037
2067
2097
2127
2157
2187
2217
2247
1528
1558
1588
1618
1648
1678
1708
1738
1768
1798
1828
1858
1888
1918
1948
1978
2008
2038
2068
2098
2128
2158
2188
2218
2248
1529
1559
1589
1619
1649
1679
1709
1739
1769
1799
1829
1859
1889
1919
1949
1979
2009
2039
2069
2099
2129
2159
2189
2219
2249
2250
2275
2300
2325
2350
2375
2400
2425
2450
2475
2500
2525
2550
2575
2600
2625
2650
2675
2700
2725
2750
2775
2800
2825
2850
2875
2900
2925
2950
2975
2251
2276
2301
2326
2351
2376
2401
2426
2451
2476
2501
2526
2551
2576
2601
2626
2651
2676
2701
2726
2751
2776
2801
2826
2851
2876
2901
2926
2951
2976
2252
2277
2302
2327
2352
2377
2402
2427
2452
2477
2502
2527
2552
2577
2602
2627
2652
2677
2702
2727
2752
2777
2802
2827
2852
2877
2902
2927
2952
2977
2253
2278
2303
2328
2353
2378
2403
2428
2453
2478
2503
2528
2553
2578
2603
2628
2653
2678
2703
2728
2753
2778
2803
2828
2853
2878
2903
2928
2953
2978
2254
2279
2304
2329
2354
2379
2404
2429
2454
2479
2504
2529
2554
2579
2604
2629
2654
2679
2704
2729
2754
2779
2804
2829
2854
2879
2904
2929
2954
2979
2255
2280
2305
2330
2355
2380
2405
2430
2455
2480
2505
2530
2555
2580
2605
2630
2655
2680
2705
2730
2755
2780
2805
2830
2855
2880
2905
2930
2955
2980
2256
2281
2306
2331
2356
2381
2406
2431
2456
2481
2506
2531
2556
2581
2606
2631
2656
2681
2706
2731
2756
2781
2806
2831
2856
2881
2906
2931
2956
2981
2257
2282
2307
2332
2357
2382
2407
2432
2457
2482
2507
2532
2557
2582
2607
2632
2657
2682
2707
2732
2757
2782
2807
2832
2857
2882
2907
2932
2957
2982
2258
2283
2308
2333
2358
2383
2408
2433
2458
2483
2508
2533
2558
2583
2608
2633
2658
2683
2708
2733
2758
2783
2808
2833
2858
2883
2908
2933
2958
2983
2259
2284
2309
2334
2359
2384
2409
2434
2459
2484
2509
2534
2559
2584
2609
2634
2659
2684
2709
2734
2759
2784
2809
2834
2859
2884
2909
2934
2959
2984
2260
2285
2310
2335
2360
2385
2410
2435
2460
2485
2510
2535
2560
2585
2610
2635
2660
2685
2710
2735
2760
2785
2810
2835
2860
2885
2910
2935
2960
2985
2261
2286
2311
2336
2361
2386
2411
2436
2461
2486
2511
2536
2561
2586
2611
2636
2661
2686
2711
2736
2761
2786
2811
2836
2861
2886
2911
2936
2961
2986
2262
2287
2312
2337
2362
2387
2412
2437
2462
2487
2512
2537
2562
2587
2612
2637
2662
2687
2712
2737
2762
2787
2812
2837
2862
2887
2912
2937
2962
2987
2263
2288
2313
2338
2363
2388
2413
2438
2463
2488
2513
2538
2563
2588
2613
2638
2663
2688
2713
2738
2763
2788
2813
2838
2863
2888
2913
2938
2963
2988
2264
2289
2314
2339
2364
2389
2414
2439
2464
2489
2514
2539
2564
2589
2614
2639
2664
2689
2714
2739
2764
2789
2814
2839
2864
2889
2914
2939
2964
2989
2265
2290
2315
2340
2365
2390
2415
2440
2465
2490
2515
2540
2565
2590
2615
2640
2665
2690
2715
2740
2765
2790
2815
2840
2865
2890
2915
2940
2965
2990
2266
2291
2316
2341
2366
2391
2416
2441
2466
2491
2516
2541
2566
2591
2616
2641
2666
2691
2716
2741
2766
2791
2816
2841
2866
2891
2916
2941
2966
2991
2267
2292
2317
2342
2367
2392
2417
2442
2467
2492
2517
2542
2567
2592
2617
2642
2667
2692
2717
2742
2767
2792
2817
2842
2867
2892
2917
2942
2967
2992
2268
2293
2318
2343
2368
2393
2418
2443
2468
2493
2518
2543
2568
2593
2618
2643
2668
2693
2718
2743
2768
2793
2818
2843
2868
2893
2918
2943
2968
2993
2269
2294
2319
2344
2369
2394
2419
2444
2469
2494
2519
2544
2569
2594
2619
2644
2669
2694
2719
2744
2769
2794
2819
2844
2869
2894
2919
2944
2969
2994
2270
2295
2320
2345
2370
2395
2420
2445
2470
2495
2520
2545
2570
2595
2620
2645
2670
2695
2720
2745
2770
2795
2820
2845
2870
2895
2920
2945
2970
2995
2271
2296
2321
2346
2371
2396
2421
2446
2471
2496
2521
2546
2571
2596
2621
2646
2671
2696
2721
2746
2771
2796
2821
2846
2871
2896
2921
2946
2971
2996
2272
2297
2322
2347
2372
2397
2422
2447
2472
2497
2522
2547
2572
2597
2622
2647
2672
2697
2722
2747
2772
2797
2822
2847
2872
2897
2922
2947
2972
2997
2273
2298
2323
2348
2373
2398
2423
2448
2473
2498
2523
2548
2573
2598
2623
2648
2673
2698
2723
2748
2773
2798
2823
2848
2873
2898
2923
2948
2973
2998
2274
2299
2324
2349
2374
2399
2424
2449
2474
2499
2524
2549
2574
2599
2624
2649
2674
2699
2724
2749
2774
2799
2824
2849
2874
2899
2924
2949
2974
2999
3000
3025
3050
3075
3100
3125
3150
3175
3200
3225
3250
3275
3300
3325
3350
3375
3400
3425
3450
3475
3500
3525
3550
3575
3600
3001
3026
3051
3076
3101
3126
3151
3176
3201
3226
3251
3276
3301
3326
3351
3376
3401
3426
3451
3476
3501
3526
3551
3576
3601
3002
3027
3052
3077
3102
3127
3152
3177
3202
3227
3252
3277
3302
3327
3352
3377
3402
3427
3452
3477
3502
3527
3552
3577
3602
3003
3028
3053
3078
3103
3128
3153
3178
3203
3228
3253
3278
3303
3328
3353
3378
3403
3428
3453
3478
3503
3528
3553
3578
3603
3004
3029
3054
3079
3104
3129
3154
3179
3204
3229
3254
3279
3304
3329
3354
3379
3404
3429
3454
3479
3504
3529
3554
3579
3604
3005
3030
3055
3080
3105
3130
3155
3180
3205
3230
3255
3280
3305
3330
3355
3380
3405
3430
3455
3480
3505
3530
3555
3580
3605
3006
3031
3056
3081
3106
3131
3156
3181
3206
3231
3256
3281
3306
3331
3356
3381
3406
3431
3456
3481
3506
3531
3556
3581
3606
3007
3032
3057
3082
3107
3132
3157
3182
3207
3232
3257
3282
3307
3332
3357
3382
3407
3432
3457
3482
3507
3532
3557
3582
3607
3008
3033
3058
3083
3108
3133
3158
3183
3208
3233
3258
3283
3308
3333
3358
3383
3408
3433
3458
3483
3508
3533
3558
3583
3608
3009
3034
3059
3084
3109
3134
3159
3184
3209
3234
3259
3284
3309
3334
3359
3384
3409
3434
3459
3484
3509
3534
3559
3584
3609
3010
3035
3060
3085
3110
3135
3160
3185
3210
3235
3260
3285
3310
3335
3360
3385
3410
3435
3460
3485
3510
3535
3560
3585
3610
3011
3036
3061
3086
3111
3136
3161
3186
3211
3236
3261
3286
3311
3336
3361
3386
3411
3436
3461
3486
3511
3536
3561
3586
3611
3012
3037
3062
3087
3112
3137
3162
3187
3212
3237
3262
3287
3312
3337
3362
3387
3412
3437
3462
3487
3512
3537
3562
3587
3612
3013
3038
3063
3088
3113
3138
3163
3188
3213
3238
3263
3288
3313
3338
3363
3388
3413
3438
3463
3488
3513
3538
3563
3588
3613
3014
3039
3064
3089
3114
3139
3164
3189
3214
3239
3264
3289
3314
3339
3364
3389
3414
3439
3464
3489
3514
3539
3564
3589
3614
3015
3040
3065
3090
3115
3140
3165
3190
3215
3240
3265
3290
3315
3340
3365
3390
3415
3440
3465
3490
3515
3540
3565
3590
3615
3016
3041
3066
3091
3116
3141
3166
3191
3216
3241
3266
3291
3316
3341
3366
3391
3416
3441
3466
3491
3516
3541
3566
3591
3616
3017
3042
3067
3092
3117
3142
3167
3192
3217
3242
3267
3292
3317
3342
3367
3392
3417
3442
3467
3492
3517
3542
3567
3592
3617
3018
3043
3068
3093
3118
3143
3168
3193
3218
3243
3268
3293
3318
3343
3368
3393
3418
3443
3468
3493
3518
3543
3568
3593
3618
3019
3044
3069
3094
3119
3144
3169
3194
3219
3244
3269
3294
3319
3344
3369
3394
3419
3444
3469
3494
3519
3544
3569
3594
3619
3020
3045
3070
3095
3120
3145
3170
3195
3220
3245
3270
3295
3320
3345
3370
3395
3420
3445
3470
3495
3520
3545
3570
3595
3620
3021
3046
3071
3096
3121
3146
3171
3196
3221
3246
3271
3296
3321
3346
3371
3396
3421
3446
3471
3496
3521
3546
3571
3596
3621
3022
3047
3072
3097
3122
3147
3172
3197
3222
3247
3272
3297
3322
3347
3372
3397
3422
3447
3472
3497
3522
3547
3572
3597
3622
3023
3048
3073
3098
3123
3148
3173
3198
3223
3248
3273
3298
3323
3348
3373
3398
3423
3448
3473
3498
3523
3548
3573
3598
3623
3024
3049
3074
3099
3124
3149
3174
3199
3224
3249
3274
3299
3324
3349
3374
3399
3424
3449
3474
3499
3524
3549
3574
3599
3624
)


// ************************************************************************* //
